>   56 OCEAN: 1 FEATURE:  6 NAME: 6XII
182.83450	-61.91589
182.95979	-61.98979
183.09030	-62.05539
183.22211	-62.11337
183.35451	-62.16762
183.48621	-62.22633
183.62151	-62.28847
183.75681	-62.35274
183.89070	-62.41399
184.02180	-62.47383
184.15640	-62.53291
184.29230	-62.59282
184.43179	-62.65196
184.57190	-62.71036
184.71539	-62.76735
184.86040	-62.82327
185.00320	-62.87907
185.14270	-62.93794
185.28070	-62.99986
185.42570	-63.06480
185.58389	-63.13052
185.75250	-63.19637
185.91710	-63.26047
186.06290	-63.32199
186.19330	-63.38248
186.31680	-63.44226
186.44380	-63.50221
186.56931	-63.56081
186.69141	-63.61804
186.81210	-63.67424
186.93690	-63.73065
187.07080	-63.78874
187.20880	-63.84610
187.34689	-63.90274
187.48210	-63.95743
187.61670	-64.01233
187.75191	-64.06438
187.88710	-64.11147
188.02921	-64.15758
188.17540	-64.20657
188.32660	-64.26364
188.46330	-64.32300
188.59241	-64.38528
188.71460	-64.44626
188.84641	-64.50531
188.98170	-64.55615
189.11960	-64.60002
189.25470	-64.64233
189.38980	-64.69019
189.52640	-64.74657
189.66521	-64.80788
189.80540	-64.86819
189.93941	-64.92336
190.07111	-64.97310
190.20430	-65.02159
190.34531	-65.07024
>  116 OCEAN: 1 FEATURE:  6 NAME: 6XI
185.14349	-59.37711
185.25270	-59.42250
185.35930	-59.46677
185.46519	-59.51064
185.58009	-59.55164
185.70680	-59.59535
185.84599	-59.64107
185.99080	-59.69127
186.13570	-59.74174
186.27560	-59.79250
186.41280	-59.84215
186.55000	-59.88895
186.69060	-59.93391
186.82980	-59.97569
186.96490	-60.02052
187.09090	-60.06638
187.21640	-60.11876
187.34250	-60.17279
187.47279	-60.22845
187.59750	-60.27954
187.72160	-60.32678
187.84000	-60.37361
187.95840	-60.42241
188.07060	-60.47221
188.18910	-60.52054
188.31239	-60.56848
188.44679	-60.62071
188.58540	-60.67661
188.73030	-60.73444
188.87320	-60.78877
189.01601	-60.84099
189.15939	-60.89175
189.30769	-60.94411
189.45261	-60.99739
189.58920	-61.05092
189.71609	-61.10072
189.83800	-61.14644
189.95779	-61.18805
190.07890	-61.23228
190.20151	-61.28047
190.32910	-61.33623
190.45731	-61.39391
190.59250	-61.44914
190.72079	-61.49898
190.84410	-61.54639
190.95430	-61.59776
191.06931	-61.65167
191.19060	-61.70747
191.31889	-61.76117
191.44569	-61.81314
191.56841	-61.86238
191.68900	-61.90894
191.81020	-61.95349
191.93350	-61.99567
192.06020	-62.03812
192.18700	-62.08307
192.31509	-62.13188
192.43919	-62.18385
192.55840	-62.23834
192.67010	-62.29533
192.78030	-62.35352
192.89340	-62.40837
193.01050	-62.46027
193.13660	-62.50974
193.27029	-62.56010
193.41240	-62.60780
193.54620	-62.65224
193.67230	-62.69437
193.78931	-62.73776
193.90640	-62.78329
194.02000	-62.82816
194.13220	-62.87422
194.25620	-62.91956
194.39610	-62.96860
194.55000	-63.01717
194.69769	-63.06693
194.83560	-63.11504
194.96941	-63.16624
195.11079	-63.21986
195.26060	-63.27834
195.40910	-63.33420
195.55060	-63.38564
195.68640	-63.42673
195.82350	-63.46436
195.96060	-63.50435
196.09779	-63.54991
196.23300	-63.59601
196.36951	-63.63744
196.50661	-63.67722
196.64230	-63.71909
196.77820	-63.76491
196.90781	-63.81282
197.03320	-63.86218
197.15179	-63.91026
197.27789	-63.95613
197.41299	-64.00067
197.55580	-64.04753
197.69650	-64.09674
197.83650	-64.14621
197.97450	-64.19708
198.10970	-64.24666
198.23590	-64.29436
198.36130	-64.33418
198.48940	-64.37062
198.62579	-64.40668
198.76770	-64.44777
198.91330	-64.49535
199.06300	-64.54675
199.21280	-64.59956
199.36470	-64.64809
199.51241	-64.69299
199.65730	-64.73601
199.79649	-64.78075
199.93520	-64.82632
200.07660	-64.87003
200.22231	-64.91096
>   98 OCEAN: 1 FEATURE:  6 NAME: 6X
188.38699	-60.24055
188.50870	-60.28958
188.63130	-60.34404
188.75880	-60.40042
188.89130	-60.45914
189.03059	-60.51294
189.17200	-60.56731
189.31610	-60.61749
189.46030	-60.66930
189.60580	-60.71863
189.74930	-60.76823
189.88930	-60.81604
190.02370	-60.86382
190.15669	-60.91254
190.29179	-60.95984
190.43250	-61.00908
190.57381	-61.05487
190.71519	-61.10094
190.85030	-61.14189
190.98320	-61.18716
191.11549	-61.23373
191.25549	-61.28656
191.40109	-61.33995
191.54401	-61.39622
191.67780	-61.45009
191.79980	-61.50291
191.92030	-61.55235
192.04089	-61.60533
192.16840	-61.65919
192.29810	-61.71826
192.42909	-61.77455
192.55540	-61.83206
192.67810	-61.88783
192.80009	-61.94417
192.92010	-61.99878
193.03720	-62.04808
193.15500	-62.09634
193.28239	-62.14449
193.41830	-62.19739
193.55350	-62.24924
193.68590	-62.29843
193.81889	-62.34431
193.95680	-62.39105
194.09680	-62.43869
194.23880	-62.48627
194.38499	-62.53342
194.53400	-62.58017
194.68170	-62.62654
194.82440	-62.67282
194.96581	-62.72287
195.10719	-62.77441
195.24590	-62.82559
195.37830	-62.87349
195.50580	-62.92229
195.64030	-62.97099
195.78300	-63.01930
195.93269	-63.06560
196.07620	-63.11058
196.21680	-63.15392
196.35539	-63.19627
196.49809	-63.23886
196.63741	-63.27982
196.76620	-63.32013
196.88811	-63.35945
197.00580	-63.40434
197.13670	-63.45317
197.27400	-63.50690
197.42239	-63.55952
197.56660	-63.60718
197.71291	-63.65099
197.85831	-63.69382
198.01421	-63.74181
198.17580	-63.79369
198.34430	-63.85065
198.50870	-63.91054
198.67039	-63.97034
198.82660	-64.02670
198.98120	-64.08018
199.13451	-64.13387
199.28360	-64.18927
199.42931	-64.24548
199.57220	-64.30130
199.71710	-64.35548
199.86420	-64.41077
200.01050	-64.46533
200.15759	-64.52129
200.30881	-64.57504
200.46490	-64.63046
200.62650	-64.68427
200.78810	-64.73677
200.95239	-64.78680
201.11259	-64.83821
201.27209	-64.89011
201.42680	-64.94283
201.57660	-64.99014
201.71730	-65.03448
201.85249	-65.07141
201.98560	-65.10536
>   84 OCEAN: 1 FEATURE:  6 NAME: 6IX
195.71960	-58.51231
195.83780	-58.55923
195.95070	-58.60063
196.05791	-58.63582
196.16299	-58.67644
196.27650	-58.72093
196.39830	-58.77115
196.52440	-58.81911
196.64909	-58.86340
196.77299	-58.90405
196.89619	-58.94608
197.01950	-58.99020
197.14200	-59.03467
197.26590	-59.07617
197.39191	-59.12190
197.52071	-59.17149
197.65590	-59.22493
197.79440	-59.27509
197.94070	-59.32370
198.08411	-59.37369
198.22540	-59.42322
198.35300	-59.47131
198.47620	-59.51477
198.59810	-59.55679
198.72749	-59.59943
198.86050	-59.64409
198.99350	-59.69115
199.12440	-59.73781
199.25600	-59.78683
199.38831	-59.83548
199.52280	-59.88609
199.65370	-59.93214
199.78461	-59.97986
199.91280	-60.02820
200.04649	-60.07855
200.18159	-60.12915
200.31950	-60.17622
200.45461	-60.22426
200.58620	-60.27086
200.71370	-60.31947
200.83771	-60.36629
200.96719	-60.41100
201.10570	-60.45801
201.25191	-60.50798
201.39819	-60.55928
201.54160	-60.60777
201.68640	-60.65720
201.83470	-60.71027
201.98511	-60.76227
202.13139	-60.80907
202.27409	-60.85175
202.41679	-60.89607
202.55949	-60.94437
202.70230	-60.99396
202.83881	-61.04146
202.97670	-61.08554
203.11099	-61.12654
203.24680	-61.16914
203.37830	-61.21204
203.51131	-61.25757
203.64500	-61.30400
203.78220	-61.35205
203.91800	-61.40068
204.05589	-61.44559
204.19310	-61.49010
204.33850	-61.53154
204.48599	-61.57722
204.63850	-61.62151
204.78400	-61.66769
204.92610	-61.71121
205.06390	-61.75566
205.20180	-61.80266
205.34241	-61.85059
205.48660	-61.89972
205.64391	-61.94911
205.81160	-62.00360
205.98500	-62.06056
206.15150	-62.11516
206.30611	-62.16353
206.45441	-62.20535
206.59641	-62.24455
206.73489	-62.27852
206.86571	-62.30858
206.99310	-62.33406
>  243 OCEAN: 1 FEATURE:  6 NAME: UNNAMED
199.61270	-56.83446
199.72391	-56.86993
199.83730	-56.90723
199.95290	-56.94865
200.06979	-56.99118
200.18539	-57.03291
200.29950	-57.06967
200.41710	-57.10866
200.54581	-57.15172
200.68640	-57.19960
200.82840	-57.24667
200.96420	-57.29103
201.09160	-57.33464
201.21761	-57.37817
201.34010	-57.41983
201.46400	-57.45917
201.59000	-57.49661
201.72211	-57.53584
201.85570	-57.57800
201.98520	-57.62274
202.10989	-57.66818
202.22830	-57.70877
202.35210	-57.74782
202.47940	-57.78235
202.61301	-57.82201
202.74170	-57.86200
202.86839	-57.90677
202.99930	-57.94928
203.13150	-57.99133
203.26720	-58.03407
203.39670	-58.07825
203.52550	-58.12311
203.65080	-58.16644
203.77400	-58.20718
203.89861	-58.24458
204.02240	-58.27827
204.14760	-58.30974
204.27139	-58.34045
204.39729	-58.36967
204.52600	-58.39853
204.65739	-58.42984
204.79089	-58.46733
204.93010	-58.51204
205.07001	-58.55885
205.21201	-58.60526
205.35049	-58.65048
205.48970	-58.69821
205.62621	-58.74623
205.75780	-58.79205
205.88530	-58.83205
206.00780	-58.87061
206.12891	-58.90584
206.24860	-58.94070
206.36749	-58.97269
206.48849	-59.00639
206.61031	-59.04045
206.73489	-59.07231
206.85660	-59.10378
206.97549	-59.13594
207.09180	-59.17380
207.21010	-59.21301
207.33260	-59.25362
207.45720	-59.29131
207.58110	-59.32613
207.70140	-59.35985
207.81970	-59.39214
208.03960	-59.45805
208.15240	-59.49522
208.28040	-59.53267
208.41130	-59.57109
208.53999	-59.60208
208.66100	-59.62956
208.78059	-59.65701
208.90370	-59.69145
209.03450	-59.73111
209.17230	-59.77383
209.31979	-59.81894
209.47079	-59.86852
209.62469	-59.92148
209.76820	-59.97195
209.90120	-60.01682
210.03070	-60.06094
210.16299	-60.10847
210.30499	-60.16042
210.44850	-60.21123
210.59470	-60.25642
210.73470	-60.29881
210.86549	-60.33533
210.98801	-60.37250
211.10770	-60.40588
211.23090	-60.44298
211.35750	-60.47731
211.48421	-60.51363
211.61290	-60.54648
211.74710	-60.58138
211.88969	-60.61346
212.03300	-60.64516
212.16859	-60.67580
212.29520	-60.70711
212.42050	-60.74284
212.54849	-60.77887
212.68420	-60.82060
212.82060	-60.86125
212.95711	-60.90187
213.09140	-60.93532
213.22839	-60.96675
213.37650	-61.00012
213.52950	-61.04218
213.68750	-61.08720
213.83580	-61.13351
213.97780	-61.17442
214.11000	-61.21564
214.24300	-61.25746
214.37660	-61.30023
214.51520	-61.34296
214.65089	-61.38426
214.78810	-61.42851
214.92450	-61.47536
215.07210	-61.52611
215.23090	-61.57742
215.39999	-61.62993
215.56300	-61.68364
215.71280	-61.73795
215.85139	-61.78860
215.99350	-61.83264
216.13901	-61.87265
216.28439	-61.91061
216.42290	-61.95084
216.56140	-61.99329
216.69720	-62.04156
216.83090	-62.08913
216.95500	-62.13727
217.07829	-62.17986
217.20360	-62.22429
217.33659	-62.26318
217.47440	-62.30199
217.61150	-62.33559
217.74860	-62.37202
217.87109	-62.40459
218.01950	-62.44540
218.18781	-62.48999
218.31180	-62.52725
218.43430	-62.56479
218.58470	-62.60893
218.74110	-62.65237
218.86630	-62.69073
219.02980	-62.73755
219.20239	-62.78581
219.36121	-62.82895
219.50951	-62.87141
219.65491	-62.91258
219.80040	-62.95464
219.94110	-62.99568
220.07610	-63.03731
220.20641	-63.07765
220.33591	-63.11763
220.46880	-63.15941
220.60600	-63.20645
220.74670	-63.25591
220.88541	-63.30249
221.02460	-63.34431
221.16660	-63.38356
221.31480	-63.42680
221.46590	-63.47368
221.61430	-63.52544
221.75571	-63.57681
221.89090	-63.62906
222.02750	-63.67967
222.16890	-63.73262
222.31180	-63.78761
222.45810	-63.84892
222.61279	-63.91133
222.78290	-63.97754
222.95700	-64.04021
223.12511	-64.10063
223.28191	-64.15639
223.43719	-64.21236
223.58990	-64.27301
223.73840	-64.33237
223.87100	-64.39162
223.99930	-64.44505
224.12421	-64.49992
224.25800	-64.55255
224.39740	-64.60628
224.54370	-64.65689
224.69070	-64.70650
224.83350	-64.75751
224.96530	-64.81374
225.08960	-64.87581
225.21040	-64.93864
225.34010	-64.99985
225.48100	-65.05795
225.63150	-65.11621
225.78690	-65.17548
225.93620	-65.23634
226.07780	-65.29826
226.21181	-65.36238
226.34720	-65.42751
226.48540	-65.49190
226.62421	-65.55351
226.76170	-65.61298
226.89290	-65.67148
227.01920	-65.72757
227.14200	-65.78070
227.27299	-65.82971
227.41859	-65.87834
227.57249	-65.93135
227.72520	-65.99271
227.86481	-66.06102
227.99480	-66.12947
228.12050	-66.19385
228.24071	-66.25357
228.36079	-66.31201
228.48560	-66.37424
228.62450	-66.44016
228.76550	-66.50977
228.88789	-66.57619
228.98950	-66.64027
229.08040	-66.70146
229.17210	-66.76389
229.27010	-66.82722
229.37210	-66.89093
229.48810	-66.95392
229.61240	-67.01619
229.74640	-67.07826
229.88319	-67.14178
230.02280	-67.20728
230.16451	-67.27582
230.30980	-67.34392
230.46190	-67.41046
230.62230	-67.47231
230.78070	-67.53340
230.92999	-67.59328
231.06750	-67.65599
231.20920	-67.71930
231.35570	-67.78429
231.50090	-67.84854
231.63300	-67.91187
231.75050	-67.97427
231.86920	-68.03418
231.98660	-68.09186
232.10400	-68.14630
232.21190	-68.19962
>  107 OCEAN: 1 FEATURE:  6 NAME: UNNAMED
210.22000	-58.55789
210.35049	-58.57790
210.48180	-58.59932
210.61459	-58.62503
210.74741	-58.64929
210.87880	-58.67497
211.01010	-58.69885
211.13741	-58.72377
211.26250	-58.75015
211.38280	-58.77869
211.50450	-58.81187
211.62759	-58.84683
211.75150	-58.88139
211.87390	-58.91089
211.99699	-58.93748
212.12151	-58.96333
212.24519	-58.99275
212.36900	-59.02608
212.49429	-59.06474
212.62309	-59.10730
212.74770	-59.14905
212.86540	-59.19009
212.97749	-59.22789
213.09030	-59.26886
213.20930	-59.31116
213.33189	-59.35872
213.45590	-59.40729
213.57570	-59.45613
213.69550	-59.50281
213.81599	-59.54834
213.94130	-59.59065
214.06660	-59.62694
214.19330	-59.65683
214.31979	-59.68250
214.44839	-59.70953
214.57710	-59.73586
214.70641	-59.76389
214.83850	-59.78702
214.97681	-59.80801
215.11850	-59.82584
215.26019	-59.84747
215.39850	-59.87363
215.53900	-59.90083
215.68221	-59.92906
215.82539	-59.95515
215.96240	-59.98541
216.09309	-60.01567
216.22250	-60.04904
216.34840	-60.08029
216.47160	-60.10980
216.59880	-60.13893
216.73370	-60.16801
216.87630	-60.19705
217.01050	-60.22191
217.13910	-60.24504
217.26210	-60.26752
217.39281	-60.29234
217.52969	-60.31921
217.67990	-60.34744
217.83009	-60.37250
217.97951	-60.39307
218.11710	-60.41469
218.25751	-60.44418
218.39870	-60.48018
218.54820	-60.51645
218.69360	-60.54652
218.83749	-60.57384
218.98070	-60.59978
219.13010	-60.62909
219.28720	-60.65938
219.44090	-60.68828
219.59039	-60.71341
219.73500	-60.73685
219.87950	-60.75891
220.02480	-60.78366
220.16789	-60.81181
220.31540	-60.84972
220.46429	-60.88863
220.61459	-60.92815
220.75720	-60.96054
220.89079	-60.99091
221.01590	-61.01587
221.13969	-61.03847
221.26550	-61.06305
221.39760	-61.09099
221.53180	-61.12291
221.67020	-61.15077
221.80650	-61.17459
221.94760	-61.19601
222.08940	-61.21910
222.23610	-61.24718
222.38071	-61.27858
222.52330	-61.31262
222.66170	-61.34631
222.79601	-61.37865
222.93100	-61.41026
223.06590	-61.44087
223.19670	-61.46910
223.31770	-61.49104
223.55051	-61.52696
223.67760	-61.55383
223.81470	-61.58727
223.95309	-61.62164
224.09430	-61.65005
224.23621	-61.67447
224.38280	-61.69818
224.53380	-61.72473
>  175 OCEAN: 1 FEATURE:  6 NAME: UNNAMED
210.26871	-57.12836
210.37781	-57.15602
210.48911	-57.18475
210.60660	-57.22023
210.72910	-57.26167
210.85370	-57.30943
210.97350	-57.35529
211.09120	-57.40071
211.20821	-57.44124
211.32790	-57.47722
211.44960	-57.50156
211.57471	-57.52141
211.70869	-57.54045
211.84700	-57.56656
211.99020	-57.59413
212.12440	-57.62244
212.25310	-57.64888
212.37331	-57.67647
212.49150	-57.70105
212.61740	-57.73044
212.75360	-57.76608
212.90250	-57.81200
213.05009	-57.85272
213.18990	-57.88931
213.32140	-57.92073
213.44380	-57.95694
213.56770	-57.98944
213.69220	-58.02081
213.82491	-58.04991
213.95711	-58.08449
214.08920	-58.12126
214.21870	-58.15726
214.34390	-58.18884
214.46980	-58.21855
214.59500	-58.25116
214.72510	-58.28629
214.85381	-58.31921
214.98450	-58.34952
215.11729	-58.38017
215.25150	-58.41589
215.38651	-58.45193
215.52080	-58.49049
215.65781	-58.53407
215.79570	-58.58450
215.93430	-58.63341
216.07350	-58.67322
216.20979	-58.70323
216.34331	-58.72777
216.47050	-58.75162
216.60190	-58.77975
216.73540	-58.81328
216.87590	-58.85033
217.01300	-58.88486
217.15210	-58.91646
217.28760	-58.94446
217.42250	-58.97101
217.55251	-58.99646
217.67979	-59.02226
217.81461	-59.05305
217.95779	-59.08379
218.11980	-59.11589
218.28180	-59.14223
218.44791	-59.17101
218.59801	-59.19624
218.74190	-59.22113
218.87469	-59.24249
219.00740	-59.27020
219.14301	-59.30396
219.28360	-59.34085
219.44209	-59.38089
219.62000	-59.42117
219.81129	-59.46416
220.00250	-59.49721
220.18950	-59.52531
220.38460	-59.54492
220.57291	-59.56450
220.74730	-59.58124
220.89110	-59.59843
221.02100	-59.61392
221.14610	-59.62907
221.27589	-59.64561
221.40590	-59.66949
221.53169	-59.69688
221.65691	-59.72498
221.78551	-59.74745
221.92590	-59.76917
222.06911	-59.79539
222.22130	-59.82542
222.37010	-59.85719
222.52380	-59.88332
222.66830	-59.90388
222.81419	-59.92058
222.96010	-59.93903
223.11850	-59.96440
223.28600	-59.99356
223.46320	-60.02336
223.63631	-60.04964
223.80240	-60.07384
223.95390	-60.09528
224.09840	-60.11432
224.23740	-60.13542
224.37630	-60.16034
224.51401	-60.18973
224.65170	-60.21666
224.78450	-60.23878
224.91380	-60.25810
225.03880	-60.27882
225.16611	-60.30676
225.29680	-60.33569
225.43381	-60.36563
225.57561	-60.39105
225.72020	-60.41609
225.86340	-60.43736
226.00230	-60.45929
226.14130	-60.48738
226.28799	-60.52705
226.44670	-60.57487
226.61031	-60.62193
226.76970	-60.66243
226.92270	-60.69643
227.07640	-60.72771
227.23000	-60.75757
227.38020	-60.78502
227.52480	-60.81145
227.65550	-60.84126
227.78081	-60.87447
227.89571	-60.91106
228.02299	-60.94150
228.15370	-60.97023
228.29761	-60.99852
228.44150	-61.03725
228.59320	-61.08597
228.74300	-61.13567
228.89340	-61.18361
229.03680	-61.22713
229.17400	-61.27425
229.30910	-61.32169
229.45250	-61.37204
229.60980	-61.42523
229.77420	-61.48099
229.93510	-61.53302
230.08890	-61.57802
230.23441	-61.61833
230.37570	-61.65794
230.50999	-61.69556
230.64430	-61.73050
230.78130	-61.76340
230.92740	-61.79759
231.07770	-61.83334
231.22520	-61.87070
231.36920	-61.91162
231.51120	-61.95477
231.65669	-61.99855
231.80910	-62.04126
231.96840	-62.08485
232.13480	-62.13226
232.29280	-62.17767
232.44110	-62.22009
232.58099	-62.25604
232.72150	-62.29193
232.86270	-62.32617
232.99710	-62.35812
233.12711	-62.38812
233.25510	-62.41808
233.38940	-62.45317
233.52650	-62.48883
233.66769	-62.52606
233.80830	-62.56195
233.95090	-62.59970
234.09081	-62.63742
234.22650	-62.67351
234.35530	-62.70955
234.48260	-62.74559
234.61360	-62.78345
234.74950	-62.82089
>  442 OCEAN: 1 FEATURE:  6 NAME: UDINTSEV
192.61940	-46.29486
192.72520	-46.36662
192.82770	-46.43159
192.92880	-46.49217
193.03110	-46.54645
193.13840	-46.60355
193.24631	-46.65863
193.35710	-46.71844
193.46581	-46.77153
193.57581	-46.82074
193.68291	-46.86325
193.78670	-46.90477
193.88760	-46.94102
193.99120	-46.97443
194.10381	-47.00777
194.21860	-47.04771
194.33270	-47.09378
194.44200	-47.14081
194.55400	-47.19014
194.66611	-47.23940
194.77271	-47.29431
194.86880	-47.34166
194.95309	-47.38571
195.03870	-47.42360
195.12860	-47.47227
195.23100	-47.52695
195.33830	-47.58534
195.44971	-47.63428
195.55690	-47.67799
195.65919	-47.72263
195.75880	-47.77611
195.85640	-47.83658
195.95329	-47.89885
196.04810	-47.96011
196.14709	-48.01898
196.25090	-48.07683
196.35471	-48.13274
196.45580	-48.18765
196.55190	-48.24023
196.64810	-48.29274
196.74290	-48.34428
196.83490	-48.39763
196.92270	-48.45139
197.00639	-48.50650
197.09419	-48.55971
197.19099	-48.61282
197.30040	-48.67043
197.41811	-48.73892
197.53870	-48.81607
197.65450	-48.89493
197.76199	-48.96413
197.86240	-49.02321
197.95920	-49.07397
198.05611	-49.12653
198.15010	-49.18268
198.24910	-49.24147
198.34950	-49.30020
198.45399	-49.35658
198.55440	-49.41154
198.64990	-49.46600
198.74049	-49.51726
198.83110	-49.56712
198.92439	-49.61464
199.02750	-49.66707
199.13620	-49.72346
199.25110	-49.78067
199.36050	-49.83693
199.46570	-49.88773
199.56740	-49.93672
199.67390	-49.98474
199.78810	-50.03806
199.90919	-50.09354
200.03180	-50.14758
200.14810	-50.20158
200.26170	-50.26088
200.37660	-50.32544
200.50340	-50.38991
200.63429	-50.45158
200.76320	-50.51271
200.88370	-50.57117
200.99870	-50.62561
201.12050	-50.67598
201.24440	-50.73157
201.36980	-50.79146
201.48199	-50.85355
201.59070	-50.91074
201.70010	-50.96436
201.81290	-51.01788
201.92300	-51.07179
202.02550	-51.12915
202.13139	-51.18558
202.24910	-51.24496
202.38550	-51.30855
202.53110	-51.37938
202.67470	-51.45271
202.80980	-51.51947
202.93390	-51.57967
203.04950	-51.63292
203.15269	-51.68568
203.24950	-51.73369
203.34230	-51.78207
203.43980	-51.83170
203.54289	-51.88768
203.65300	-51.94702
203.76450	-52.00967
203.87250	-52.07143
203.96880	-52.13396
204.05811	-52.19218
204.14600	-52.25203
204.24500	-52.30795
204.35370	-52.36249
204.47279	-52.41309
204.60300	-52.46616
204.74010	-52.52170
204.87450	-52.57626
204.99570	-52.62872
205.10710	-52.67860
205.21651	-52.73056
205.32660	-52.78496
205.44080	-52.83847
205.55710	-52.88814
205.67830	-52.93352
205.79379	-52.97926
205.90730	-53.02664
206.01730	-53.07317
206.13150	-53.12088
206.24290	-53.16562
206.35291	-53.20659
206.46490	-53.24167
206.58521	-53.27461
206.70970	-53.30711
206.83420	-53.33955
206.95660	-53.37282
207.08040	-53.40895
207.20490	-53.44589
207.32800	-53.47990
207.44901	-53.50934
207.56790	-53.53546
207.69160	-53.56361
207.81880	-53.59505
207.94270	-53.62973
208.05470	-53.66278
208.16180	-53.69420
208.27930	-53.72639
208.41420	-53.76347
208.55670	-53.80333
208.69730	-53.84152
208.83009	-53.87149
208.95869	-53.89693
209.08380	-53.91908
209.21240	-53.95270
209.35139	-53.99403
209.49831	-54.04634
209.64230	-54.09734
209.77470	-54.14748
209.89861	-54.19193
210.01900	-54.23267
210.13660	-54.27054
210.25211	-54.30878
210.36620	-54.34616
210.48790	-54.38393
210.61180	-54.42285
210.74049	-54.46454
210.86510	-54.50862
210.99451	-54.54985
211.12320	-54.59019
211.24780	-54.62689
211.36681	-54.66440
211.48430	-54.70267
211.61020	-54.74329
211.74240	-54.78586
211.87810	-54.82756
212.01241	-54.86882
212.13631	-54.91165
212.25180	-54.95288
212.35699	-54.99330
212.46480	-55.02692
212.58240	-55.06128
212.70900	-55.09795
212.84120	-55.14171
212.96300	-55.18507
213.08130	-55.22284
213.19540	-55.25464
213.31709	-55.28522
213.44710	-55.31931
213.58479	-55.35571
213.72600	-55.39484
213.86240	-55.43471
213.99110	-55.47299
214.10941	-55.50734
214.22479	-55.53535
214.34790	-55.56335
214.48340	-55.59445
214.62950	-55.63487
214.77350	-55.68233
214.91620	-55.73286
215.05330	-55.78062
215.18559	-55.81975
215.31010	-55.85376
215.43250	-55.88347
215.55690	-55.91550
215.68629	-55.94940
215.81430	-55.98526
215.94160	-56.01990
216.06190	-56.05064
216.17810	-56.08060
216.29140	-56.11287
216.41110	-56.14783
216.54250	-56.18272
216.68089	-56.21600
216.81860	-56.24924
216.94659	-56.28439
217.07040	-56.31918
217.19839	-56.35469
217.33540	-56.39130
217.48080	-56.43321
217.62340	-56.47470
217.75980	-56.51195
217.88570	-56.54228
218.00810	-56.57376
218.13400	-56.60979
218.26550	-56.65150
218.40050	-56.69661
218.53210	-56.74242
218.66360	-56.78932
218.79520	-56.83427
218.93230	-56.88029
219.06660	-56.92438
219.19820	-56.96649
219.32069	-57.00481
219.44110	-57.04460
219.55940	-57.08662
219.67920	-57.13011
219.79680	-57.16678
219.91229	-57.19777
220.02769	-57.22455
220.14520	-57.25322
220.26770	-57.28334
220.39140	-57.31233
220.51450	-57.33752
220.63271	-57.35707
220.74940	-57.37402
220.86540	-57.39320
220.98770	-57.42244
221.11360	-57.46474
221.24590	-57.51337
221.37610	-57.55783
221.50281	-57.59105
221.62660	-57.62053
221.75520	-57.65219
221.89160	-57.69164
222.02789	-57.73027
222.16360	-57.76630
222.30270	-57.79486
222.45700	-57.82079
222.61470	-57.84331
222.76830	-57.86320
222.90649	-57.87982
223.04060	-57.89091
223.16969	-57.90166
223.29750	-57.90869
223.42239	-57.91795
223.55009	-57.92609
223.67999	-57.93904
223.80850	-57.95566
223.93291	-57.97302
224.05730	-57.99002
224.18300	-58.00589
224.31360	-58.02028
224.44550	-58.03540
224.57961	-58.04828
224.71429	-58.06778
224.85260	-58.08653
224.99510	-58.10822
225.13680	-58.12801
225.27090	-58.15077
225.40300	-58.17317
225.53920	-58.19298
225.68781	-58.21167
225.83440	-58.23102
225.97549	-58.25443
226.10680	-58.27563
226.23680	-58.29613
226.36670	-58.31404
226.49800	-58.33850
226.63699	-58.36844
226.78310	-58.40598
226.93750	-58.44234
227.08980	-58.47430
227.23650	-58.49609
227.37621	-58.51352
227.51089	-58.53384
227.64360	-58.55962
227.77090	-58.58900
227.89540	-58.61693
228.02470	-58.64410
228.16240	-58.67055
228.31180	-58.69547
228.46190	-58.72215
228.61200	-58.74953
228.75800	-58.78122
228.90260	-58.81291
229.04240	-58.84421
229.17320	-58.87370
229.30180	-58.90140
229.43600	-58.93051
229.58540	-58.96098
229.74809	-58.99712
229.92120	-59.03642
230.09509	-59.07564
230.25720	-59.11163
230.40250	-59.14513
230.53400	-59.17935
230.65720	-59.21426
230.83340	-59.26997
230.94000	-59.30806
231.08260	-59.35062
231.23990	-59.39342
231.36650	-59.42389
231.51939	-59.45567
231.68980	-59.50150
231.85190	-59.54480
232.00500	-59.58669
232.17529	-59.62216
232.35471	-59.65541
232.49940	-59.69576
232.62061	-59.73859
232.75710	-59.78340
232.89140	-59.82887
233.02240	-59.88023
233.16840	-59.90985
233.17000	-59.97694
233.31270	-59.99971
233.48399	-60.03238
233.67770	-60.06723
233.82030	-60.10606
233.97610	-60.14688
234.13330	-60.19283
234.29340	-60.24182
234.44380	-60.28798
234.58521	-60.32657
234.71460	-60.35995
234.83980	-60.39192
234.96500	-60.42595
235.09509	-60.46472
235.22670	-60.50858
235.36040	-60.55714
235.49071	-60.60124
235.62160	-60.64255
235.75240	-60.67801
235.88530	-60.71579
236.01401	-60.75114
236.14490	-60.79359
236.27921	-60.84274
236.41920	-60.89825
236.54820	-60.95064
236.66740	-60.98849
236.86850	-61.04356
237.06970	-61.11906
237.19020	-61.16811
237.33020	-61.22038
237.47850	-61.28120
237.62489	-61.34459
237.76170	-61.40620
237.87959	-61.46144
237.99530	-61.50998
238.11160	-61.55545
238.24181	-61.59848
238.37691	-61.64410
238.51610	-61.69258
238.65680	-61.74200
238.79750	-61.79298
238.93961	-61.84386
239.07890	-61.89499
239.21410	-61.94017
239.34641	-61.97745
239.47791	-62.01207
239.61079	-62.04794
239.74100	-62.08899
239.87190	-62.13063
240.00490	-62.17482
240.14481	-62.22118
240.28960	-62.27425
240.43800	-62.32689
240.58710	-62.37527
240.73399	-62.41359
240.88220	-62.45026
241.02901	-62.49231
241.17030	-62.54456
241.30141	-62.60155
241.42349	-62.65784
241.54480	-62.70576
241.66679	-62.75041
241.79070	-62.79179
241.91820	-62.83788
242.05740	-62.88734
242.21480	-62.94051
242.38950	-62.99730
242.56979	-63.05238
242.73911	-63.10956
242.89790	-63.16696
243.04849	-63.23026
243.20880	-63.29433
243.36290	-63.35858
243.51421	-63.41740
243.65230	-63.47240
243.79021	-63.52266
243.93089	-63.57249
244.07719	-63.62288
244.23039	-63.67438
244.38361	-63.73007
244.53760	-63.78780
244.69031	-63.84851
244.84230	-63.90541
244.99139	-63.96037
245.12869	-64.01340
245.25571	-64.06937
245.37500	-64.13135
245.49780	-64.19893
245.62421	-64.26607
245.75481	-64.32941
245.88660	-64.38718
246.02260	-64.44571
246.15781	-64.50203
246.29800	-64.55914
246.44150	-64.61253
246.59621	-64.66699
246.75360	-64.71983
246.91451	-64.77553
247.06860	-64.83229
247.21851	-64.89308
247.36560	-64.95520
247.51140	-65.01808
247.65570	-65.08022
247.78770	-65.14310
247.91820	-65.20790
248.04810	-65.27257
248.18350	-65.33818
248.31610	-65.40509
248.44740	-65.47731
248.58780	-65.55165
248.73911	-65.62720
>   47 OCEAN: 1 FEATURE:  6 NAME: UNNAMED
191.69440	-41.77530
191.81560	-41.86519
191.87910	-41.91008
191.94119	-41.95547
192.00670	-42.00133
192.13220	-42.08005
192.25140	-42.17313
192.31560	-42.23328
192.38820	-42.29953
192.46780	-42.36467
192.55350	-42.42302
192.64340	-42.47823
192.74020	-42.53282
192.84050	-42.59148
192.93880	-42.64903
193.03349	-42.70708
193.12410	-42.76762
193.20920	-42.83325
193.28529	-42.89629
193.35719	-42.95319
193.43179	-43.00084
193.51120	-43.04945
193.59550	-43.09901
193.67641	-43.15564
193.75520	-43.21480
193.82980	-43.27339
193.91000	-43.32788
193.99020	-43.38026
194.07170	-43.43613
194.14920	-43.49805
194.23430	-43.55887
194.31931	-43.61761
194.40370	-43.67123
194.47900	-43.72435
194.55431	-43.77542
194.63300	-43.82091
194.71590	-43.86382
194.80080	-43.90167
194.88161	-43.94353
194.95889	-43.98535
195.03000	-44.03319
195.09979	-44.08398
195.16740	-44.13875
195.23241	-44.19649
195.29730	-44.25366
195.36369	-44.31429
195.43430	-44.37631
>   38 OCEAN: 1 FEATURE:  6 NAME: UNNAMED
194.45900	-41.52545
194.52119	-41.59612
194.58760	-41.67085
194.66029	-41.75124
194.73849	-41.82941
194.81880	-41.89970
194.89490	-41.95905
194.96330	-42.01524
195.02470	-42.07297
195.08690	-42.13374
195.15730	-42.19083
195.23470	-42.24936
195.31560	-42.30937
195.39720	-42.37500
195.47681	-42.44107
195.55840	-42.50554
195.62621	-42.56586
195.69110	-42.62204
195.74770	-42.67873
195.81540	-42.73837
195.88451	-42.80257
195.95500	-42.86311
196.01920	-42.91801
196.08130	-42.96472
196.14000	-43.01393
196.20210	-43.06615
196.26421	-43.12546
196.33060	-43.18669
196.39619	-43.25044
196.46190	-43.31259
196.53101	-43.37418
196.60429	-43.43565
196.68311	-43.49959
196.75920	-43.55841
196.83240	-43.61266
196.90150	-43.66029
196.96500	-43.71347
197.02240	-43.77115
>  565 OCEAN: 1 FEATURE:  6 NAME: THARP
204.13699	-45.79625
204.21370	-45.86682
204.28081	-45.93687
204.33411	-46.00493
204.38800	-46.07149
204.44460	-46.13600
204.51379	-46.19704
204.58360	-46.25415
204.65540	-46.30829
204.72450	-46.36765
204.79581	-46.43272
204.87331	-46.50299
204.95570	-46.57027
205.04640	-46.63408
205.13699	-46.69447
205.22771	-46.74954
205.31340	-46.80124
205.39349	-46.84909
205.46890	-46.90024
205.53999	-46.94946
205.61740	-46.99672
205.70160	-47.04013
205.78940	-47.08678
205.87440	-47.13577
205.95670	-47.19089
206.04240	-47.24547
206.12410	-47.30377
206.20219	-47.35730
206.27130	-47.41458
206.34390	-47.47179
206.41650	-47.53224
206.49471	-47.59119
206.57491	-47.64584
206.66690	-47.70274
206.76579	-47.75862
206.87041	-47.82141
206.96800	-47.88229
207.06000	-47.94406
207.14861	-48.00250
207.23650	-48.05855
207.32910	-48.11082
207.42520	-48.15790
207.52620	-48.20213
207.62160	-48.24680
207.71210	-48.28958
207.79990	-48.33284
207.89799	-48.37369
208.01010	-48.41727
208.13319	-48.46120
208.25909	-48.50691
208.37540	-48.55078
208.48460	-48.59187
208.59109	-48.63066
208.70930	-48.67442
208.84010	-48.72408
208.98000	-48.77779
209.12120	-48.83463
209.25909	-48.89369
209.38930	-48.95090
209.50560	-48.99847
209.61490	-49.03693
209.71851	-49.07628
209.82500	-49.11832
209.92810	-49.16353
210.02620	-49.20732
210.12030	-49.25429
210.20940	-49.30350
210.30560	-49.35175
210.40440	-49.39268
210.51160	-49.43219
210.61670	-49.47214
210.72459	-49.52060
210.83250	-49.56767
210.94250	-49.61696
211.05251	-49.65898
211.16380	-49.70322
211.28210	-49.74471
211.40590	-49.78700
211.52631	-49.82614
211.63760	-49.86615
211.74130	-49.91202
211.84860	-49.96005
211.96069	-50.00804
212.07280	-50.05241
212.18410	-50.09671
212.29620	-50.14278
212.41789	-50.19055
212.54810	-50.24092
212.68240	-50.28854
212.81190	-50.33214
212.93430	-50.37038
213.04910	-50.40860
213.16380	-50.45123
213.27660	-50.49164
213.38930	-50.53244
213.49370	-50.56615
213.59810	-50.60646
213.70731	-50.64500
213.82629	-50.69006
213.95010	-50.73593
214.07330	-50.78836
214.20210	-50.84207
214.33650	-50.89394
214.47701	-50.94571
214.61140	-50.99435
214.73250	-51.04036
214.84039	-51.07677
214.94479	-51.11446
215.05400	-51.15125
215.17020	-51.19322
215.29190	-51.22641
215.41499	-51.25958
215.53799	-51.28835
215.65421	-51.32365
215.76620	-51.35503
215.87399	-51.38467
215.98450	-51.41168
216.09779	-51.44560
216.21120	-51.48685
216.32330	-51.52983
216.44020	-51.57188
216.56540	-51.61215
216.69830	-51.65321
216.82629	-51.69165
216.95151	-51.72874
217.07880	-51.76801
217.21159	-51.80891
217.34590	-51.85023
217.47250	-51.88420
217.59351	-51.91559
217.70821	-51.94569
217.82021	-51.98392
217.93159	-52.02385
218.04849	-52.06203
218.17220	-52.09416
218.29739	-52.12369
218.41701	-52.15405
218.52901	-52.18315
218.63811	-52.21693
218.74800	-52.25195
218.86070	-52.28952
218.97411	-52.32024
219.08470	-52.34839
219.19110	-52.37143
219.29469	-52.39574
219.40170	-52.42046
219.51089	-52.44812
219.62421	-52.47575
219.73750	-52.50294
219.85500	-52.53307
219.97459	-52.56825
220.09630	-52.60846
220.21741	-52.64610
220.33990	-52.67867
220.46291	-52.70485
220.58870	-52.73650
220.70689	-52.77234
220.81900	-52.81364
220.92551	-52.84822
221.03540	-52.87772
221.14870	-52.90216
221.26199	-52.93031
221.37460	-52.96268
221.48940	-52.99626
221.60899	-53.02733
221.73900	-53.05748
221.87590	-53.09134
222.01500	-53.12601
222.14650	-53.15730
222.27299	-53.18153
222.39951	-53.20242
222.52521	-53.22160
222.64751	-53.24287
222.76770	-53.26541
222.89000	-53.29002
223.01590	-53.31250
223.13330	-53.33125
223.23610	-53.34711
223.36819	-53.37906
223.50600	-53.42386
223.61929	-53.44673
223.71930	-53.45470
223.85271	-53.47627
223.94310	-53.49503
224.04739	-53.52615
224.16431	-53.56757
224.32001	-53.59271
224.49429	-53.62032
224.61380	-53.63812
224.73599	-53.65588
224.84930	-53.67572
224.95700	-53.70012
225.06340	-53.73560
225.17340	-53.77641
225.28760	-53.81718
225.40930	-53.84845
225.53720	-53.87354
225.66789	-53.89569
225.79710	-53.91989
225.92500	-53.94366
226.05630	-53.96869
226.18559	-53.99364
226.31000	-54.02147
226.42680	-54.04727
226.54289	-54.07143
226.66040	-54.09149
226.77570	-54.11031
226.88760	-54.12953
226.99670	-54.15163
227.10580	-54.17656
227.22050	-54.20349
227.34081	-54.23122
227.46870	-54.25890
227.59660	-54.28491
227.72240	-54.30891
227.84129	-54.33614
227.95190	-54.36742
228.06050	-54.40477
228.17799	-54.44533
228.31090	-54.48984
228.45151	-54.53951
228.58580	-54.58911
228.70979	-54.63347
228.82390	-54.66936
228.93660	-54.69881
229.05060	-54.73262
229.17239	-54.77042
229.29900	-54.81216
229.42560	-54.84708
229.54390	-54.87674
229.64960	-54.90604
229.75529	-54.93851
229.87151	-54.97855
230.00639	-55.01926
230.14420	-55.06113
230.27710	-55.09578
230.40849	-55.12564
230.54269	-55.15271
230.68100	-55.17932
230.81380	-55.20871
230.94800	-55.24046
231.08839	-55.27773
231.23579	-55.31772
231.38190	-55.35764
231.51620	-55.39478
231.64211	-55.42717
231.76660	-55.45683
231.89661	-55.48682
232.03220	-55.52190
232.17120	-55.56360
232.30690	-55.60449
232.43570	-55.64104
232.55321	-55.66739
232.77080	-55.70714
232.97800	-55.76019
233.08231	-55.79550
233.19370	-55.82999
233.31740	-55.86401
233.45720	-55.89760
233.60049	-55.93228
233.74510	-55.96301
233.88620	-55.99104
234.03290	-56.01747
234.17261	-56.04579
234.31020	-56.07802
234.43680	-56.10988
234.56129	-56.13821
234.67529	-56.16151
234.89011	-56.19962
235.00751	-56.21634
235.14090	-56.23453
235.28600	-56.25037
235.43810	-56.27002
235.59720	-56.29120
235.76390	-56.31776
235.92450	-56.34467
236.06630	-56.37273
236.19150	-56.40239
236.31390	-56.43091
236.45010	-56.45901
236.59540	-56.48129
236.75310	-56.49968
236.90790	-56.51575
237.06841	-56.53407
237.21840	-56.55740
237.36510	-56.57959
237.49780	-56.59988
237.62421	-56.61751
237.75490	-56.63972
237.89940	-56.66460
238.05920	-56.69014
238.21480	-56.71146
238.36000	-56.72820
238.49620	-56.74307
238.63091	-56.75870
238.76700	-56.77548
238.90179	-56.79111
239.03790	-56.80176
239.17200	-56.81052
239.31630	-56.82042
239.47121	-56.83145
239.63640	-56.83972
239.78909	-56.84421
239.92999	-56.85403
240.06400	-56.87115
240.20300	-56.89395
240.34340	-56.91521
240.48100	-56.93494
240.62270	-56.95731
240.76579	-56.98573
240.91389	-57.02278
241.05791	-57.06252
241.20190	-57.09615
241.34030	-57.11955
241.47430	-57.13692
241.60420	-57.15694
241.73070	-57.18069
241.85100	-57.20787
241.96719	-57.23352
242.08260	-57.25955
242.20490	-57.28255
242.33141	-57.30664
242.46561	-57.32918
242.59900	-57.35208
242.73309	-57.37309
242.86380	-57.39447
242.99850	-57.41621
243.13470	-57.43980
243.26820	-57.46338
243.39191	-57.48695
243.50870	-57.50830
243.62199	-57.52815
243.73940	-57.54839
243.86310	-57.56969
243.99519	-57.59096
244.12370	-57.61443
244.24400	-57.64165
244.35400	-57.67668
244.46460	-57.70985
244.57671	-57.74261
244.69350	-57.76901
244.81790	-57.79872
244.95210	-57.82802
245.09669	-57.86244
245.24001	-57.89864
245.38120	-57.93408
245.51131	-57.96805
245.63580	-57.99940
245.76170	-58.03554
245.89461	-58.07274
246.03439	-58.10950
246.16870	-58.14107
246.29800	-58.17044
246.42390	-58.20091
246.54840	-58.23718
246.67430	-58.27380
246.80170	-58.31041
246.94070	-58.34038
247.08810	-58.37247
247.23830	-58.40594
247.38020	-58.44595
247.51041	-58.48779
247.63361	-58.53105
247.75481	-58.56886
247.87720	-58.60117
248.00031	-58.62801
248.12340	-58.65555
248.24651	-58.68413
248.37579	-58.71486
248.51620	-58.74844
248.66780	-58.78520
248.81810	-58.82298
248.95650	-58.85751
249.08250	-58.88951
249.20351	-58.92082
249.32730	-58.95386
249.45120	-58.98936
249.57159	-59.02379
249.68851	-59.06068
249.80881	-59.09541
249.93550	-59.13399
250.06281	-59.17003
250.19020	-59.20425
250.31889	-59.23419
250.45930	-59.26405
250.60941	-59.29637
250.76450	-59.33003
250.91400	-59.36366
251.05310	-59.39833
251.18671	-59.43761
251.31619	-59.47896
251.44980	-59.52170
251.58620	-59.56331
251.72400	-59.60799
251.85500	-59.65335
251.97830	-59.69765
252.09940	-59.73940
252.22260	-59.77867
252.34720	-59.81648
252.47250	-59.85042
252.59979	-59.88431
252.72780	-59.91920
252.85510	-59.95615
252.98039	-59.99236
253.10570	-60.02646
253.23160	-60.06050
253.36099	-60.09555
253.49660	-60.13403
253.63789	-60.17451
253.77780	-60.21941
253.91840	-60.26805
254.05630	-60.31700
254.20670	-60.36345
254.35770	-60.40433
254.51280	-60.44545
254.63541	-60.48349
254.81520	-60.55864
254.91550	-60.60109
255.02901	-60.64960
255.15520	-60.70477
255.28070	-60.75853
255.40260	-60.80846
255.52180	-60.85291
255.63741	-60.90033
255.76350	-60.95172
255.89720	-61.00674
256.03311	-61.05960
256.16409	-61.11038
256.29300	-61.16107
256.41919	-61.21437
256.54321	-61.26526
256.66449	-61.31375
256.78922	-61.35548
256.91040	-61.39981
257.02740	-61.44408
257.14240	-61.49461
257.27261	-61.54802
257.41751	-61.60889
257.56879	-61.67226
257.71240	-61.73552
257.85049	-61.79146
257.99261	-61.84401
258.13739	-61.89415
258.28159	-61.95073
258.41620	-62.00949
258.54590	-62.07114
258.67429	-62.12906
258.80261	-62.18527
258.93500	-62.23909
259.06812	-62.29442
259.20541	-62.34996
259.34201	-62.40640
259.47919	-62.45789
259.61511	-62.50606
259.75021	-62.54970
259.88531	-62.59613
260.02179	-62.64758
260.15701	-62.70152
260.28879	-62.75537
260.41980	-62.80533
260.54941	-62.86023
260.68469	-62.91568
260.81650	-62.97389
260.94958	-63.02754
261.07791	-63.08270
261.20959	-63.13805
261.34210	-63.19643
261.47391	-63.25562
261.60159	-63.31656
261.72580	-63.37679
261.85281	-63.43564
261.97620	-63.49281
262.09689	-63.54956
262.20651	-63.60562
262.31812	-63.65849
262.42419	-63.71034
262.53229	-63.76421
262.63431	-63.82353
262.74319	-63.88516
262.85361	-63.94394
262.96939	-63.99768
263.07339	-64.04860
263.17191	-64.09912
263.35141	-64.20480
263.45190	-64.26080
263.56909	-64.32086
263.68851	-64.38347
263.80521	-64.45044
263.91559	-64.51457
264.02249	-64.57741
264.13141	-64.63708
264.23901	-64.70108
264.35220	-64.76402
264.47229	-64.82420
264.60959	-64.87770
264.75449	-64.93106
264.89740	-64.98721
265.01819	-65.04738
265.11969	-65.11011
265.21469	-65.17128
265.32571	-65.23230
265.45819	-65.28966
265.60110	-65.34886
265.74069	-65.40730
265.86569	-65.46973
265.99060	-65.53287
266.11691	-65.59846
266.25159	-65.66443
266.37601	-65.73024
266.48859	-65.79475
266.59210	-65.85773
266.69351	-65.91942
266.79691	-65.97926
266.89691	-66.03813
266.99890	-66.09714
267.10370	-66.15628
267.20789	-66.21445
267.30511	-66.27025
267.39319	-66.32622
267.47861	-66.38345
267.56470	-66.44472
267.64529	-66.51027
267.71771	-66.57983
267.77841	-66.65088
267.83820	-66.71982
267.90009	-66.78636
267.96689	-66.85188
268.03290	-66.91725
268.09970	-66.98244
268.16711	-67.04555
268.23660	-67.10739
268.30270	-67.16937
268.36111	-67.23361
268.41061	-67.30118
268.45801	-67.37151
268.51099	-67.44269
268.57291	-67.51447
268.63980	-67.58493
268.70529	-67.65388
268.76309	-67.71843
268.81390	-67.78253
268.86609	-67.84828
268.92871	-67.91750
269.00589	-67.98418
269.09149	-68.04726
269.18109	-68.10806
269.26590	-68.17052
269.35211	-68.23409
269.43701	-68.29672
269.52802	-68.35815
269.61969	-68.42119
269.71771	-68.48888
269.82129	-68.55841
269.92429	-68.62518
270.02100	-68.68622
270.11139	-68.74709
270.20581	-68.81104
270.30939	-68.88005
270.41660	-68.94937
270.52380	-69.01796
270.62399	-69.08461
270.72549	-69.15007
270.82150	-69.21339
270.91470	-69.27357
271.00049	-69.33145
>   85 OCEAN: 1 FEATURE:  6 NAME: UNNAMED
220.03729	-53.15881
220.14590	-53.21022
220.25870	-53.25778
220.37700	-53.30444
220.50360	-53.35187
220.63170	-53.39922
220.75980	-53.44154
220.88570	-53.47971
221.01370	-53.51286
221.14090	-53.54308
221.26740	-53.57245
221.39470	-53.60388
221.52950	-53.63773
221.66789	-53.67155
221.80150	-53.70573
221.92180	-53.73624
222.03520	-53.76593
222.14780	-53.79109
222.26530	-53.81746
222.38200	-53.84132
222.49670	-53.86684
222.60519	-53.89192
222.70950	-53.92030
222.81030	-53.94743
222.91119	-53.97089
223.11900	-54.01321
223.22881	-54.04068
223.34219	-54.06650
223.46240	-54.09103
223.58890	-54.10985
223.72430	-54.13391
223.86470	-54.16202
224.00240	-54.19580
224.13170	-54.22714
224.25140	-54.25688
224.36400	-54.28375
224.46420	-54.30861
224.60330	-54.34348
224.70970	-54.36667
224.85570	-54.40431
224.95230	-54.42468
225.06010	-54.45268
225.20531	-54.48100
225.39861	-54.52364
225.50990	-54.55113
225.61890	-54.56615
225.72940	-54.57631
225.86360	-54.61098
226.06030	-54.66724
226.18130	-54.70306
226.30170	-54.74208
226.42281	-54.78027
226.54311	-54.81763
226.66000	-54.84892
226.77341	-54.87904
226.88741	-54.90791
227.00500	-54.94273
227.12050	-54.97635
227.23320	-55.00836
227.34509	-55.03317
227.45979	-55.05954
227.57590	-55.08627
227.68930	-55.11739
227.80130	-55.14886
227.91260	-55.18391
228.02950	-55.21931
228.14841	-55.25230
228.26939	-55.28130
228.38490	-55.30750
228.49609	-55.33249
228.60249	-55.35986
228.70959	-55.38803
228.81880	-55.41933
228.93350	-55.44939
229.05251	-55.48061
229.17830	-55.51137
229.30630	-55.54251
229.43291	-55.57440
229.55251	-55.60745
229.66660	-55.64482
229.78000	-55.68610
229.89420	-55.73163
230.01120	-55.77710
230.12820	-55.82175
230.24600	-55.86473
>   27 OCEAN: 1 FEATURE:  6 NAME: UNNAMED
208.26990	-43.01764
208.35210	-43.07893
208.43370	-43.14272
208.51390	-43.21303
208.59770	-43.29036
208.68291	-43.37114
208.77020	-43.44980
208.85330	-43.52582
208.93230	-43.60225
209.00571	-43.67963
209.07700	-43.75542
209.14830	-43.82657
209.22360	-43.89412
209.29350	-43.96210
209.35860	-44.02853
209.40970	-44.09343
209.46490	-44.15276
209.52361	-44.21152
209.59959	-44.26863
209.68250	-44.32668
209.77460	-44.38661
209.86870	-44.45096
209.96840	-44.52019
210.06050	-44.59033
210.14290	-44.66637
210.21500	-44.75322
210.28729	-44.85237
>   16 OCEAN: 1 FEATURE:  6 NAME: UNNAMED
211.65781	-43.50714
211.73241	-43.56194
211.79790	-43.61063
211.85651	-43.65128
211.95711	-43.75513
212.01030	-43.81581
212.06760	-43.87189
212.13319	-43.92337
212.20219	-43.97629
212.27690	-44.03365
212.35080	-44.09395
212.42900	-44.15567
212.51131	-44.21782
212.59779	-44.28835
212.68649	-44.36775
212.77609	-44.45506
>   31 OCEAN: 1 FEATURE:  6 NAME: UNNAMED
217.35080	-47.52150
217.49500	-47.61218
217.58279	-47.65648
217.67610	-47.70538
217.76669	-47.75845
217.85660	-47.81335
217.94659	-47.86494
218.03920	-47.91273
218.12630	-47.95955
218.20990	-48.00681
218.29150	-48.05403
218.38130	-48.09608
218.47729	-48.13388
218.57471	-48.16931
218.67010	-48.20474
218.76190	-48.23645
218.85300	-48.26396
218.94200	-48.29007
219.03030	-48.31848
219.11870	-48.34918
219.20770	-48.37848
219.29810	-48.40500
219.38930	-48.43379
219.48320	-48.46626
219.57990	-48.50471
219.68010	-48.54449
219.78101	-48.58746
219.88400	-48.62993
219.98770	-48.66962
220.09210	-48.70189
220.19510	-48.72906
>  693 OCEAN: 1 FEATURE:  6 NAME: HEEZEN
197.73390	-39.11639
197.82150	-39.16689
197.90440	-39.21948
197.97701	-39.27588
198.04190	-39.33118
198.10190	-39.38754
198.16890	-39.44221
198.24210	-39.50165
198.32091	-39.56531
198.39841	-39.63536
198.47310	-39.70375
198.54500	-39.76727
198.61411	-39.82484
198.68170	-39.88130
198.74870	-39.94090
198.82201	-40.00473
198.90150	-40.06900
198.98930	-40.12946
199.07510	-40.18239
199.16420	-40.23741
199.25340	-40.29556
199.34410	-40.36108
199.42709	-40.42392
199.50169	-40.48410
199.57420	-40.53630
199.64610	-40.58580
199.72130	-40.63258
199.79660	-40.68094
199.87390	-40.72661
199.94850	-40.77068
200.01880	-40.81366
200.08990	-40.86662
200.17281	-40.92743
200.27040	-40.99498
200.36450	-41.04878
200.43559	-41.08894
200.50250	-41.12807
200.57840	-41.17343
200.68221	-41.23857
200.76311	-41.29276
200.87730	-41.35565
200.97900	-41.41537
201.04250	-41.46582
201.13530	-41.54059
201.23779	-41.62155
201.30820	-41.66345
201.38831	-41.71362
201.50470	-41.79948
201.59750	-41.85730
201.66240	-41.91774
201.72301	-41.96625
201.81081	-42.02446
201.91460	-42.09132
202.01910	-42.15503
202.12090	-42.21608
202.22250	-42.27141
202.32350	-42.32977
202.43420	-42.39784
202.55550	-42.48172
202.68719	-42.56648
202.80721	-42.64195
202.91110	-42.70251
202.99820	-42.75696
203.08040	-42.80931
203.16611	-42.86214
203.25320	-42.91797
203.34731	-42.97778
203.43930	-43.03554
203.54170	-43.09320
203.65240	-43.14825
203.76730	-43.20372
203.87030	-43.25204
203.95250	-43.29535
204.02921	-43.34271
204.11000	-43.40065
204.20000	-43.46811
204.28999	-43.53702
204.37511	-43.60283
204.46220	-43.66606
204.55630	-43.72517
204.65530	-43.78369
204.75560	-43.84064
204.84689	-43.90056
204.93620	-43.95743
205.01781	-44.01477
205.10350	-44.06555
205.18291	-44.11530
205.26511	-44.16150
205.34460	-44.21115
205.43581	-44.26276
205.53259	-44.31627
205.63080	-44.37320
205.72350	-44.43059
205.80240	-44.48746
205.87770	-44.53935
205.95020	-44.59023
206.03101	-44.64151
206.12019	-44.69519
206.21840	-44.75127
206.32640	-44.80725
206.43430	-44.85973
206.53870	-44.90427
206.64101	-44.94534
206.73990	-44.98883
206.84010	-45.03967
206.93210	-45.09198
207.03030	-45.13982
207.12840	-45.18318
207.23140	-45.22600
207.32539	-45.26881
207.41380	-45.30719
207.50220	-45.34314
207.59470	-45.38048
207.70120	-45.42708
207.81329	-45.48042
207.93370	-45.53564
208.04649	-45.58693
208.16000	-45.63574
208.27690	-45.68936
208.39661	-45.74971
208.51089	-45.81001
208.60710	-45.86595
208.69630	-45.91170
208.77921	-45.95258
208.86610	-45.98810
208.95520	-46.02794
209.04919	-46.07544
209.15021	-46.12920
209.24840	-46.18481
209.34460	-46.23026
209.42120	-46.26996
209.56400	-46.34259
209.65170	-46.38699
209.74710	-46.43852
209.84531	-46.48997
209.94080	-46.54475
210.03410	-46.59996
210.12750	-46.65845
210.21680	-46.71452
210.30400	-46.76720
210.39169	-46.81270
210.47881	-46.85765
210.56450	-46.90350
210.64810	-46.95601
210.73801	-47.00751
210.83350	-47.06035
210.92821	-47.10886
211.01109	-47.16020
211.08710	-47.20914
211.15620	-47.26093
211.23289	-47.31122
211.31100	-47.36240
211.39880	-47.40831
211.49001	-47.44853
211.58530	-47.48820
211.68410	-47.53162
211.78510	-47.58156
211.88541	-47.63377
211.97740	-47.68599
212.05969	-47.73911
212.14410	-47.79080
212.24159	-47.84659
212.35091	-47.90694
212.46249	-47.97371
212.56149	-48.03674
212.65150	-48.09367
212.73380	-48.14685
212.81810	-48.20599
212.91090	-48.26784
213.00850	-48.33237
213.10950	-48.39034
213.20020	-48.44963
213.29570	-48.51114
213.38850	-48.58229
213.49110	-48.65833
213.58540	-48.73340
213.68520	-48.80513
213.78560	-48.86853
213.89420	-48.92357
213.99660	-48.97169
214.08791	-49.01523
214.16730	-49.05878
214.25580	-49.09772
214.36020	-49.14162
214.48260	-49.19035
214.60310	-49.24590
214.71590	-49.29955
214.82179	-49.35049
214.92340	-49.40317
215.02660	-49.45717
215.12350	-49.51292
215.22591	-49.56772
215.33321	-49.62828
215.45230	-49.69460
215.57359	-49.76442
215.69560	-49.83052
215.82030	-49.88983
215.95110	-49.94591
216.08620	-50.00052
216.21700	-50.05687
216.34171	-50.11183
216.45731	-50.16280
216.56590	-50.20877
216.66550	-50.24542
216.76010	-50.27982
216.85339	-50.31375
216.95010	-50.35788
217.05180	-50.40591
217.15480	-50.45039
217.25510	-50.48994
217.34970	-50.52373
217.44510	-50.56277
217.54250	-50.59741
217.64481	-50.63683
217.74500	-50.67268
217.84880	-50.71292
217.95039	-50.75356
218.05409	-50.79549
218.15230	-50.84003
218.25529	-50.88408
218.36391	-50.93335
218.48019	-50.98122
218.59779	-51.02858
218.71539	-51.07458
218.83450	-51.12447
218.95630	-51.17606
219.07820	-51.22147
219.19991	-51.25726
219.31610	-51.28911
219.42870	-51.32179
219.53590	-51.35797
219.64371	-51.39500
219.75369	-51.43590
219.87331	-51.47932
220.01100	-51.52487
220.17230	-51.56985
220.34821	-51.61470
220.51860	-51.65733
220.66879	-51.69435
220.80231	-51.72540
220.92880	-51.75087
221.05881	-51.77716
221.18880	-51.80516
221.31740	-51.83873
221.43629	-51.86972
221.54691	-51.89857
221.65460	-51.92271
221.77139	-51.95326
221.90630	-51.98929
222.05090	-52.03127
222.19279	-52.06934
222.31740	-52.10526
222.43280	-52.13992
222.54620	-52.17886
222.66521	-52.21986
222.78000	-52.25830
222.89481	-52.29242
223.00951	-52.31889
223.14020	-52.34827
223.27921	-52.38100
223.42731	-52.42215
223.57060	-52.46284
223.70900	-52.50012
223.83839	-52.53275
223.95590	-52.56157
224.06371	-52.58997
224.17770	-52.61923
224.30350	-52.65224
224.44330	-52.69020
224.57130	-52.73318
224.69310	-52.77492
224.80730	-52.81120
224.92610	-52.83818
225.04430	-52.86261
225.16240	-52.88997
225.28340	-52.92064
225.41830	-52.95506
225.56500	-52.98608
225.72130	-53.01952
225.86450	-53.05084
225.99670	-53.08386
226.11420	-53.11316
226.23380	-53.14285
226.35609	-53.17548
226.48550	-53.21176
226.61971	-53.24803
226.75810	-53.28421
226.90131	-53.32205
227.04530	-53.36398
227.18860	-53.40256
227.32770	-53.43697
227.46120	-53.46680
227.58839	-53.49870
227.71220	-53.53349
227.83740	-53.57031
227.96950	-53.60916
228.10381	-53.65086
228.24020	-53.69577
228.36960	-53.73779
228.49561	-53.77240
228.61310	-53.79669
228.72839	-53.81609
228.84370	-53.83502
228.96190	-53.85767
229.08279	-53.88315
229.20650	-53.90862
229.33299	-53.93692
229.45959	-53.96927
229.58690	-54.00978
229.72459	-54.05397
229.87489	-54.10170
230.02930	-54.14650
230.18240	-54.18718
230.33740	-54.22215
230.50560	-54.26151
230.68210	-54.30647
230.86020	-54.35991
231.02650	-54.41084
231.17200	-54.45570
231.30280	-54.49330
231.42940	-54.52888
231.56779	-54.57047
231.71249	-54.61278
231.86211	-54.65462
232.00470	-54.69040
232.13750	-54.72456
232.25710	-54.75713
232.37399	-54.79170
232.49780	-54.82744
232.63550	-54.86430
232.77870	-54.89792
232.92130	-54.93108
233.05409	-54.96465
233.18690	-55.00378
233.32050	-55.04607
233.45760	-55.08749
233.58980	-55.12294
233.71980	-55.15198
233.85460	-55.18103
233.99440	-55.21356
234.13901	-55.24767
234.27940	-55.28291
234.42200	-55.31854
234.56180	-55.35690
234.70090	-55.39484
234.83591	-55.43079
234.97360	-55.46867
235.11470	-55.50691
235.25870	-55.54744
235.39790	-55.58519
235.53281	-55.62172
235.66290	-55.65707
235.78810	-55.68927
235.90770	-55.71950
236.02240	-55.74620
236.13440	-55.77014
236.24429	-55.79213
236.35410	-55.81213
236.46800	-55.83488
236.58549	-55.86150
236.70720	-55.89081
236.83369	-55.92203
236.96581	-55.95090
237.10350	-55.98050
237.24181	-56.00732
237.38010	-56.03143
237.51280	-56.05280
237.64070	-56.07184
237.76990	-56.09128
237.90610	-56.10719
238.04910	-56.12309
238.19009	-56.13779
238.32561	-56.15561
238.45340	-56.17305
238.57640	-56.19128
238.69800	-56.20949
238.82100	-56.23158
238.94470	-56.25443
239.06700	-56.27686
239.19420	-56.29468
239.32761	-56.31474
239.46310	-56.33672
239.58960	-56.36177
239.71120	-56.38379
239.83420	-56.40269
239.96550	-56.42004
240.10030	-56.43658
240.23849	-56.45580
240.38300	-56.47385
240.53371	-56.49226
240.68790	-56.50755
240.83720	-56.52400
240.98380	-56.53854
241.12410	-56.55081
241.26019	-56.56190
241.38800	-56.57648
241.51720	-56.59450
241.64780	-56.61328
241.78880	-56.63087
241.93250	-56.64961
242.07910	-56.66829
242.21530	-56.68356
242.33960	-56.69540
242.56261	-56.72073
242.67310	-56.73645
242.78770	-56.75406
242.90790	-56.77278
243.03300	-56.79227
243.16220	-56.81096
243.29070	-56.82809
243.41991	-56.84486
243.54500	-56.85780
243.66789	-56.87076
243.78799	-56.88258
243.90961	-56.89859
244.03529	-56.91609
244.16530	-56.93698
244.29590	-56.96091
244.42380	-56.98708
244.54480	-57.01248
244.66161	-57.03488
244.77690	-57.05386
244.89920	-57.07321
245.02710	-57.09175
245.15910	-57.11140
245.28551	-57.12955
245.40781	-57.14807
245.52730	-57.16809
245.65030	-57.19113
245.77620	-57.21828
245.90410	-57.24431
246.03340	-57.26653
246.16541	-57.28534
246.29810	-57.30412
246.43010	-57.32555
246.56010	-57.34546
246.68660	-57.36349
246.80881	-57.37776
247.03461	-57.41046
247.14861	-57.42964
247.27150	-57.44954
247.40700	-57.47462
247.54601	-57.50264
247.68440	-57.52878
247.81100	-57.55046
248.03951	-57.58076
248.26669	-57.60699
248.38960	-57.61858
248.51810	-57.63312
248.64729	-57.64989
248.77721	-57.66699
248.91130	-57.68080
249.05161	-57.69418
249.19600	-57.70975
249.33420	-57.72644
249.46480	-57.74501
249.70450	-57.77551
249.93449	-57.80638
250.05051	-57.82681
250.16660	-57.85094
250.28270	-57.87540
250.39951	-57.90024
250.52390	-57.92650
250.65739	-57.95348
250.79510	-57.98112
250.92509	-58.00694
251.04810	-58.03055
251.16769	-58.05157
251.28999	-58.07222
251.41090	-58.09395
251.53191	-58.11641
251.65491	-58.13922
251.78210	-58.16457
251.91071	-58.19318
252.03940	-58.22545
252.16879	-58.26134
252.30170	-58.29718
252.43520	-58.33374
252.56740	-58.36731
252.69400	-58.40013
252.82330	-58.43150
252.95959	-58.46101
253.10420	-58.49045
253.24879	-58.52020
253.38860	-58.55031
253.52831	-58.58076
253.66879	-58.61011
253.81270	-58.64015
253.95250	-58.67017
254.08949	-58.69980
254.22850	-58.72833
254.37241	-58.75755
254.51910	-58.79033
254.65820	-58.82594
254.79041	-58.86122
254.92610	-58.89430
255.06860	-58.92627
255.21741	-58.95889
255.35651	-58.99005
255.49071	-59.02048
255.62070	-59.04807
255.75700	-59.07596
255.89259	-59.10382
256.02820	-59.13272
256.16171	-59.16269
256.29660	-59.19547
256.43640	-59.23212
256.57761	-59.27194
256.71890	-59.31169
256.85110	-59.34930
256.97641	-59.38261
257.09671	-59.41347
257.21841	-59.44498
257.34711	-59.47893
257.48141	-59.51566
257.61841	-59.55373
257.74789	-59.59142
257.87250	-59.62697
257.99490	-59.66217
258.12219	-59.69800
258.25720	-59.73589
258.39639	-59.77232
258.53690	-59.81079
258.66849	-59.84956
258.79520	-59.88904
258.92459	-59.92847
259.06161	-59.96820
259.20361	-60.00818
259.34000	-60.04361
259.47150	-60.07692
259.59949	-60.10986
259.72821	-60.14694
259.86111	-60.18433
259.99890	-60.22545
260.14081	-60.26375
260.28271	-60.30441
260.42120	-60.34090
260.55969	-60.38249
260.69751	-60.42268
260.83740	-60.46246
260.97589	-60.49709
261.11700	-60.53062
261.25961	-60.56548
261.40079	-60.60266
261.53381	-60.64085
261.65909	-60.68008
261.78229	-60.71822
261.90689	-60.75870
262.03571	-60.79979
262.16449	-60.84286
262.29541	-60.88722
262.42419	-60.93118
262.55450	-60.97643
262.68469	-61.01558
262.81689	-61.05363
262.95120	-61.08728
263.08759	-61.12257
263.22391	-61.15512
263.35681	-61.18799
263.48611	-61.22182
263.61420	-61.25763
263.74429	-61.29474
263.88489	-61.33380
264.03369	-61.37776
264.19031	-61.42432
264.33731	-61.47345
264.48141	-61.52319
264.61661	-61.57782
264.75870	-61.63437
264.89740	-61.69115
265.04309	-61.74449
265.18369	-61.79285
265.32861	-61.83849
265.47269	-61.88110
265.61880	-61.92363
265.75879	-61.96416
265.89182	-62.00694
266.01990	-62.04836
266.14941	-62.09302
266.28030	-62.13400
266.41809	-62.18173
266.56149	-62.22905
266.70721	-62.28307
266.84720	-62.33443
266.97760	-62.38829
267.10580	-62.44270
267.23129	-62.49770
267.35681	-62.55096
267.48300	-62.60033
267.61179	-62.64894
267.74561	-62.69873
267.87729	-62.74971
268.00769	-62.80220
268.13870	-62.85522
268.27451	-62.90880
268.41461	-62.96259
268.55539	-63.01686
268.69550	-63.07703
268.84119	-63.14241
268.98831	-63.21140
269.13550	-63.27835
269.27371	-63.34174
269.40900	-63.40157
269.54349	-63.45818
269.68149	-63.51465
269.82581	-63.57442
269.97430	-63.63988
270.12701	-63.70708
270.27280	-63.77257
270.41721	-63.83513
270.55939	-63.89731
270.71271	-63.96083
270.87100	-64.02448
271.03479	-64.09100
271.19312	-64.15800
271.34799	-64.22575
271.49719	-64.28973
271.64230	-64.34998
271.77420	-64.40678
271.89771	-64.45932
272.01620	-64.51295
272.14651	-64.56764
272.28110	-64.62550
272.41919	-64.67850
272.55301	-64.72931
272.68680	-64.77792
272.82339	-64.83000
272.96280	-64.88138
273.10629	-64.93472
273.24850	-64.98738
273.38589	-65.03993
273.50870	-65.08684
273.69080	-65.15631
273.85172	-65.20821
273.99100	-65.25362
274.10321	-65.29585
274.25589	-65.34773
274.36191	-65.39328
274.49789	-65.45227
274.61789	-65.49989
274.76779	-65.56149
274.93839	-65.60941
275.04370	-65.65332
275.17249	-65.69974
275.31479	-65.75116
275.42911	-65.80794
275.65009	-65.89761
275.78461	-65.95036
275.91980	-66.00725
276.06281	-66.06593
276.20300	-66.12393
276.33981	-66.18126
276.47021	-66.23875
276.60281	-66.30057
276.74371	-66.36835
276.89240	-66.44229
277.03149	-66.51744
277.15741	-66.58798
277.27621	-66.65231
277.39700	-66.71342
277.51990	-66.77409
277.63730	-66.83600
277.75601	-66.89909
277.87140	-66.96367
277.99359	-67.02835
278.11719	-67.09070
278.24710	-67.15044
278.37689	-67.20894
278.50601	-67.26730
278.63449	-67.32581
278.76291	-67.38440
278.88931	-67.44421
279.01849	-67.50598
279.15039	-67.56735
279.28931	-67.62802
279.42542	-67.68535
279.55670	-67.74280
279.68640	-67.80064
279.82321	-67.86044
279.97101	-67.92085
280.12451	-67.98265
280.28351	-68.04659
280.44681	-68.11269
280.61761	-68.17989
280.78720	-68.24689
280.95261	-68.31215
281.11099	-68.37520
281.26379	-68.43631
281.41180	-68.49646
281.54999	-68.55447
281.69312	-68.61154
281.84369	-68.67001
282.00739	-68.73131
>  455 OCEAN: 1 FEATURE:  6 NAME: TULA
226.29240	-51.41460
226.43210	-51.47104
226.55600	-51.52133
226.66600	-51.56427
226.77040	-51.60201
226.87970	-51.63795
226.99170	-51.67345
227.10930	-51.70932
227.22890	-51.74387
227.34779	-51.77710
227.46120	-51.80772
227.57179	-51.84308
227.68590	-51.88441
227.80769	-51.93343
227.93640	-51.97678
228.06441	-52.01154
228.19020	-52.03896
228.30769	-52.06682
228.42101	-52.09724
228.52609	-52.12982
228.62759	-52.16196
228.72850	-52.19621
228.83630	-52.22871
228.95180	-52.26628
229.07420	-52.30380
229.19800	-52.34215
229.32190	-52.37534
229.43941	-52.40425
229.55341	-52.43065
229.66460	-52.45364
229.77721	-52.47449
229.88840	-52.49278
229.99820	-52.51151
230.10590	-52.52980
230.21080	-52.55106
230.31371	-52.57230
230.41730	-52.59607
230.53059	-52.61984
230.65500	-52.65114
230.78979	-52.68448
230.92340	-52.71568
231.04990	-52.73509
231.16521	-52.74821
231.27699	-52.76135
231.38950	-52.77994
231.50549	-52.80315
231.61810	-52.82845
231.72940	-52.85205
231.83990	-52.87442
231.95320	-52.89757
232.06580	-52.92534
232.17841	-52.95602
232.29530	-52.98627
232.41560	-53.01482
232.53790	-53.03954
232.65810	-53.06218
232.77560	-53.08272
232.88960	-53.10742
232.99730	-53.13380
233.10159	-53.16353
233.20180	-53.19200
233.30200	-53.22171
233.40910	-53.25055
233.52930	-53.28018
233.66280	-53.31055
233.79491	-53.34215
233.91660	-53.37289
234.03070	-53.40408
234.14819	-53.43527
234.27750	-53.47054
234.41660	-53.50943
234.55780	-53.54955
234.69479	-53.58673
234.82280	-53.61522
234.95140	-53.64044
235.08200	-53.66232
235.21680	-53.68951
235.34821	-53.71918
235.47960	-53.75130
235.61240	-53.77847
235.74440	-53.80069
235.87160	-53.81918
235.99380	-53.83687
236.11749	-53.85211
236.24040	-53.86815
236.36270	-53.88377
236.48219	-53.90022
236.60300	-53.91460
236.72600	-53.92940
236.84891	-53.94908
236.97050	-53.96796
237.09560	-53.98560
237.22200	-53.99913
237.35880	-54.01427
237.49631	-54.03062
237.63660	-54.04652
237.77060	-54.06039
237.89980	-54.07144
238.02760	-54.07678
238.15390	-54.07884
238.28641	-54.07925
238.42590	-54.08498
238.56750	-54.09677
238.70430	-54.11389
238.83220	-54.13225
238.95650	-54.15186
239.07880	-54.17305
239.19690	-54.19672
239.31580	-54.21590
239.43390	-54.23184
239.55611	-54.24203
239.67140	-54.25754
239.78529	-54.27586
239.89720	-54.29991
240.01331	-54.32025
240.13490	-54.33777
240.26480	-54.35686
240.40649	-54.38077
240.55040	-54.40707
240.68871	-54.42972
240.81441	-54.44794
240.93250	-54.46579
241.05060	-54.48645
241.18050	-54.51195
241.32091	-54.54182
241.46690	-54.57083
241.61501	-54.59946
241.76579	-54.62518
241.91870	-54.65091
242.06461	-54.67299
242.21330	-54.69348
242.36951	-54.71275
242.53830	-54.73314
242.70290	-54.75513
242.86070	-54.78111
243.00591	-54.80956
243.14841	-54.83839
243.28600	-54.86523
243.41260	-54.88965
243.56140	-54.92274
243.73441	-54.95064
243.90320	-54.96692
244.03371	-54.97649
244.15810	-55.00127
244.29510	-55.03760
244.43829	-55.06744
244.55450	-55.09933
244.68381	-55.12801
244.81720	-55.15109
244.95779	-55.17372
245.05780	-55.18813
245.17300	-55.21082
245.32030	-55.22827
245.45580	-55.25365
245.55930	-55.27277
245.69820	-55.28624
245.85030	-55.30400
245.98511	-55.31865
246.10590	-55.32739
246.22459	-55.34012
246.34970	-55.35912
246.47400	-55.37654
246.60120	-55.40106
246.72630	-55.42046
246.86310	-55.43069
247.03391	-55.44682
247.25130	-55.46754
247.38319	-55.48254
247.52560	-55.50186
247.67430	-55.51955
247.81870	-55.53682
247.95970	-55.55174
248.10210	-55.57220
248.25281	-55.59222
248.41330	-55.61810
248.57381	-55.64276
248.73370	-55.66859
248.88100	-55.68541
249.02470	-55.70067
249.15810	-55.71281
249.28931	-55.72810
249.41090	-55.74496
249.52831	-55.76770
249.65480	-55.78966
249.79800	-55.80807
249.95760	-55.81895
250.10550	-55.83607
250.23830	-55.85947
250.35510	-55.88995
250.47060	-55.91577
250.58459	-55.93765
250.69850	-55.95602
250.81180	-55.97360
250.92780	-55.99196
251.04449	-56.01225
251.16341	-56.03795
251.28160	-56.06752
251.40891	-56.10056
251.54581	-56.13277
251.69110	-56.16528
251.83160	-56.19855
251.96519	-56.23875
252.09320	-56.27936
252.21919	-56.31607
252.34300	-56.34155
252.46880	-56.36357
252.59731	-56.38861
252.73219	-56.41904
252.86850	-56.45442
253.00610	-56.48553
253.13969	-56.51434
253.26410	-56.53662
253.38020	-56.56082
253.60339	-56.61075
253.71671	-56.63495
253.83211	-56.65718
253.95020	-56.67825
254.07530	-56.69893
254.20380	-56.71767
254.33580	-56.73256
254.46080	-56.74136
254.58299	-56.74670
254.70100	-56.75172
254.82320	-56.75824
254.94470	-56.76591
255.06760	-56.77165
255.30701	-56.77859
255.43190	-56.78282
255.56380	-56.78818
255.69150	-56.79503
255.81090	-56.80153
255.92270	-56.80655
256.03510	-56.81308
256.15240	-56.81847
256.27881	-56.82458
256.40930	-56.82729
256.54041	-56.83032
256.66190	-56.83109
256.77780	-56.83571
256.89160	-56.84489
257.01389	-56.86284
257.14111	-56.88339
257.27029	-56.90202
257.39471	-56.92026
257.51480	-56.93889
257.63370	-56.96210
257.74771	-56.97997
257.96719	-57.00322
258.08319	-57.01616
258.20609	-57.03438
258.33810	-57.05823
258.47369	-57.08206
258.61130	-57.10359
258.74191	-57.12587
258.86841	-57.15005
258.98929	-57.17535
259.11029	-57.20140
259.22650	-57.22668
259.34119	-57.25383
259.45450	-57.27911
259.57059	-57.30360
259.68671	-57.32356
259.80481	-57.34312
259.92300	-57.36418
260.04669	-57.39049
260.17319	-57.42198
260.30261	-57.45645
260.42719	-57.49236
260.54971	-57.52901
260.67349	-57.56749
260.80011	-57.61224
260.92410	-57.65881
261.04190	-57.70422
261.15811	-57.74442
261.27640	-57.78194
261.39679	-57.82126
261.51581	-57.85870
261.63489	-57.89758
261.75250	-57.93457
261.86871	-57.97374
261.98010	-58.01216
262.09009	-58.05164
262.20010	-58.09070
262.31360	-58.13083
262.42770	-58.17125
262.54190	-58.21347
262.65610	-58.25710
262.77310	-58.30322
262.89291	-58.35185
263.01620	-58.40112
263.14371	-58.44742
263.27661	-58.49036
263.40881	-58.53069
263.53271	-58.57497
263.64841	-58.62138
263.75989	-58.67174
263.87759	-58.71843
263.99881	-58.76216
264.12411	-58.79968
264.25211	-58.83466
264.38489	-58.86957
264.52750	-58.90802
264.67151	-58.94746
264.81631	-58.98438
264.95050	-59.01089
265.08051	-59.03523
265.20911	-59.05887
265.34329	-59.09177
265.48511	-59.12711
265.63049	-59.16702
265.77731	-59.20723
265.91791	-59.24777
266.05219	-59.28793
266.18311	-59.33087
266.32159	-59.38051
266.46851	-59.43324
266.62311	-59.48656
266.77411	-59.53627
266.92181	-59.58733
267.06171	-59.63689
267.19479	-59.68643
267.32361	-59.73381
267.45041	-59.78427
267.58279	-59.83881
267.71790	-59.89259
267.86420	-59.94316
268.01309	-59.98732
268.16550	-60.03249
268.30679	-60.07619
268.44189	-60.12021
268.56931	-60.16176
268.69461	-60.20363
268.81790	-60.24477
268.93970	-60.28551
269.06430	-60.32619
269.19031	-60.36818
269.32120	-60.40840
269.46240	-60.44890
269.61539	-60.48965
269.77890	-60.53444
269.93759	-60.57574
270.08929	-60.61427
270.22849	-60.65007
270.36551	-60.68922
270.50540	-60.73581
270.65231	-60.78874
270.79520	-60.84264
270.92691	-60.89276
271.04880	-60.93875
271.17480	-60.98738
271.30920	-61.03291
271.45471	-61.07834
271.59879	-61.11964
271.74149	-61.16458
271.88010	-61.21281
272.02209	-61.26468
272.16910	-61.32109
272.31540	-61.37674
272.45761	-61.43396
272.58929	-61.48976
272.70929	-61.54317
272.80911	-61.58830
272.92850	-61.64122
273.04199	-61.68286
273.16739	-61.72542
273.30319	-61.77051
273.42291	-61.80769
273.55530	-61.86348
273.66611	-61.90680
273.80759	-61.96567
273.91351	-62.00330
274.01321	-62.05098
274.13931	-62.09500
274.31879	-62.16508
274.43869	-62.21539
274.56201	-62.26854
274.68259	-62.32257
274.80811	-62.37776
274.94189	-62.43767
275.08481	-62.50066
275.22430	-62.56572
275.35349	-62.62526
275.47000	-62.67899
275.59329	-62.72878
275.72839	-62.77972
275.87399	-62.83116
276.01550	-62.88097
276.15201	-62.93033
276.29199	-62.98311
276.43420	-63.04083
276.58539	-63.10408
276.73529	-63.16689
276.89279	-63.22893
277.04681	-63.28894
277.20151	-63.34976
277.34940	-63.41046
277.49509	-63.46921
277.63940	-63.52875
277.78571	-63.58752
277.93219	-63.64807
278.08060	-63.70601
278.23111	-63.76381
278.38379	-63.82088
278.53641	-63.88055
278.69110	-63.94623
278.85141	-64.01601
279.01120	-64.08443
279.16669	-64.14629
279.31589	-64.20380
279.47119	-64.26389
279.63361	-64.32806
279.80161	-64.39476
279.96341	-64.46042
280.11691	-64.52293
280.26190	-64.58176
280.40140	-64.63777
280.53659	-64.69371
280.66711	-64.75188
280.79959	-64.81084
280.93619	-64.87054
281.08469	-64.92831
281.23941	-64.98421
281.39899	-65.03789
281.55020	-65.09177
281.69110	-65.14410
281.82010	-65.19637
281.95181	-65.24966
282.08569	-65.30925
282.22311	-65.36957
282.35089	-65.42747
282.47641	-65.47948
282.60681	-65.53252
282.74969	-65.58716
282.89960	-65.64481
283.04599	-65.70204
283.19379	-65.76003
283.34500	-65.81985
283.50049	-65.88010
283.64700	-65.94049
283.78720	-65.99907
283.92249	-66.05893
284.06339	-66.11864
284.19739	-66.17740
284.32932	-66.23460
284.45630	-66.29280
284.59381	-66.35506
284.73679	-66.42044
284.88400	-66.48624
285.02850	-66.54716
285.17291	-66.60245
285.32129	-66.65234
285.47531	-66.70045
285.62991	-66.74821
285.77701	-66.79886
285.91611	-66.85219
>  325 OCEAN: 1 FEATURE:  6 NAME: UNNAMED
222.71660	-47.74345
222.82651	-47.79085
222.93510	-47.83257
223.03810	-47.87239
223.13831	-47.91080
223.23019	-47.94875
223.32201	-47.98340
223.41589	-48.01523
223.51469	-48.04889
223.61549	-48.07787
223.71359	-48.10637
223.81020	-48.13205
223.90269	-48.16148
223.99590	-48.19226
224.08980	-48.22351
224.18649	-48.25287
224.28810	-48.28542
224.39580	-48.32166
224.50920	-48.36430
224.62199	-48.40877
224.73129	-48.45184
224.83780	-48.49348
224.94070	-48.53094
225.04300	-48.56932
225.14391	-48.60675
225.24831	-48.64369
225.34850	-48.68196
225.44450	-48.71931
225.53090	-48.75621
225.61650	-48.78806
225.70410	-48.82307
225.79739	-48.86171
225.89970	-48.90532
226.00620	-48.93976
226.11810	-48.97002
226.23070	-48.99478
226.34410	-49.02635
226.45740	-49.06110
226.56390	-49.09723
226.66679	-49.13287
226.76489	-49.16353
226.86650	-49.19731
226.97501	-49.23198
227.09109	-49.27203
227.20869	-49.31116
227.31860	-49.34843
227.41740	-49.38754
227.51280	-49.42574
227.60960	-49.46707
227.71600	-49.50923
227.82530	-49.55406
227.93530	-49.59747
228.04320	-49.63188
228.15089	-49.66441
228.26360	-49.69557
228.37630	-49.73167
228.49451	-49.76637
228.61140	-49.80464
228.73170	-49.84824
228.84650	-49.89317
228.96490	-49.93405
229.08240	-49.96683
229.20061	-50.00089
229.30840	-50.03584
229.40660	-50.07127
229.50121	-50.10269
229.59920	-50.13095
229.70490	-50.16138
229.81410	-50.18913
229.92670	-50.21550
230.03790	-50.23518
230.14909	-50.25172
230.25121	-50.26872
230.43201	-50.32458
230.53011	-50.35851
230.64619	-50.39323
230.77620	-50.42430
230.90480	-50.45712
231.02100	-50.48419
231.12590	-50.50908
231.22400	-50.53708
231.32069	-50.56949
231.41949	-50.60321
231.52380	-50.63115
231.63780	-50.65862
231.75661	-50.68425
231.87691	-50.70856
231.99150	-50.72977
232.10201	-50.74922
232.20689	-50.76648
232.30769	-50.78026
232.40700	-50.79050
232.51250	-50.80467
232.62640	-50.82410
232.74950	-50.85316
232.87531	-50.88481
233.00529	-50.91776
233.13530	-50.95068
233.26331	-50.98138
233.38770	-51.01559
233.50661	-51.04935
233.62421	-51.08528
233.73759	-51.11551
233.85851	-51.14221
233.98570	-51.16888
234.12120	-51.19638
234.25470	-51.22733
234.38260	-51.25610
234.50360	-51.28925
234.61549	-51.31715
234.72330	-51.34639
234.83110	-51.37038
234.94160	-51.39999
235.05350	-51.43047
235.16901	-51.46048
235.29550	-51.48611
235.43100	-51.50780
235.56300	-51.53073
235.68320	-51.55283
235.79370	-51.57367
235.90210	-51.59279
236.00909	-51.61406
236.11760	-51.64265
236.22820	-51.67943
236.34370	-51.72006
236.45920	-51.75848
236.58440	-51.79170
236.71780	-51.82356
236.86169	-51.85881
236.99730	-51.89618
237.12390	-51.93311
237.24490	-51.96748
237.37289	-52.00011
237.50780	-52.03226
237.64470	-52.06306
237.77400	-52.09300
237.90050	-52.12038
238.02631	-52.14435
238.15630	-52.16701
238.28551	-52.18707
238.41470	-52.20502
238.54530	-52.22208
238.67101	-52.24384
238.78571	-52.26646
238.88789	-52.28615
239.08720	-52.30597
239.19490	-52.31796
239.30811	-52.33929
239.41730	-52.36784
239.52440	-52.39851
239.63150	-52.43004
239.75240	-52.45728
239.88451	-52.48611
240.02071	-52.51024
240.14999	-52.53566
240.27440	-52.56023
240.40160	-52.58522
240.52811	-52.60725
240.65100	-52.62204
240.76910	-52.63606
240.88989	-52.65425
241.01500	-52.68045
241.13811	-52.71043
241.25900	-52.73450
241.38060	-52.75435
241.51880	-52.77040
241.66949	-52.79015
241.82860	-52.81026
241.97800	-52.83290
242.12180	-52.85849
242.26500	-52.88411
242.41440	-52.90968
242.56441	-52.93019
242.70540	-52.95490
242.83470	-52.98213
242.95641	-53.01274
243.07739	-53.03833
243.20180	-53.05554
243.32890	-53.06935
243.45869	-53.08484
243.58240	-53.10785
243.70120	-53.13213
243.81531	-53.15514
243.93610	-53.17522
244.06190	-53.19527
244.18970	-53.21530
244.30991	-53.23491
244.42320	-53.25496
244.53580	-53.27875
244.65601	-53.30046
244.78040	-53.32169
244.90410	-53.33751
245.02361	-53.35916
245.14240	-53.38245
245.26469	-53.41113
245.39540	-53.44019
245.53999	-53.47125
245.69220	-53.50145
245.84230	-53.52869
245.98410	-53.55388
246.12511	-53.58195
246.26900	-53.61127
246.41360	-53.63722
246.55260	-53.65536
246.68871	-53.66939
246.83250	-53.68668
246.98460	-53.70930
247.14850	-53.73721
247.30901	-53.76102
247.46400	-53.78314
247.60361	-53.80161
247.73770	-53.82707
247.86630	-53.85049
247.99210	-53.87227
248.11090	-53.88707
248.22549	-53.90230
248.34911	-53.91998
248.48940	-53.93967
248.64510	-53.95804
248.79440	-53.97433
248.92560	-53.98863
249.04510	-54.00380
249.16521	-54.01614
249.29370	-54.03006
249.42841	-54.04437
249.56390	-54.06439
249.69940	-54.08438
249.82590	-54.10481
249.94881	-54.12439
250.06630	-54.14078
250.18570	-54.15346
250.30791	-54.15961
250.43910	-54.16859
250.57790	-54.17917
250.72520	-54.19707
250.87309	-54.21614
251.02180	-54.23563
251.15860	-54.24983
251.29539	-54.26163
251.44330	-54.27301
251.62100	-54.28879
251.81400	-54.30606
251.99809	-54.32494
252.15720	-54.33862
252.28979	-54.34955
252.41060	-54.35930
252.52660	-54.37112
252.64880	-54.37968
252.77721	-54.38417
252.90700	-54.38701
253.03191	-54.39270
253.14780	-54.40125
253.26030	-54.40901
253.36929	-54.41516
253.48241	-54.41603
253.60040	-54.41609
253.72940	-54.41611
253.86340	-54.41815
254.00771	-54.41975
254.15620	-54.42174
254.30881	-54.42816
254.44839	-54.43784
254.57680	-54.44754
254.69830	-54.45244
254.82600	-54.45409
254.96550	-54.45570
255.10910	-54.45810
255.25070	-54.46211
255.37770	-54.46817
255.49921	-54.47546
255.62070	-54.48199
255.74980	-54.48605
255.88029	-54.49252
256.00940	-54.50021
256.13849	-54.50914
256.27670	-54.51561
256.42520	-54.52286
256.58490	-54.53006
256.74380	-54.54007
256.89450	-54.55008
257.03201	-54.56013
257.15900	-54.56862
257.28189	-54.57913
257.39929	-54.59087
257.51450	-54.59981
257.62909	-54.60429
257.74710	-54.60677
257.86990	-54.61082
257.99969	-54.61771
258.13849	-54.63101
258.27820	-54.65111
258.41159	-54.67484
258.53250	-54.69699
258.64651	-54.71877
258.75909	-54.74495
258.87589	-54.77512
259.00110	-54.80684
259.12900	-54.83533
259.25970	-54.86539
259.38489	-54.90022
259.50940	-54.94063
259.62769	-54.97943
259.74460	-55.01062
259.85730	-55.03581
259.97269	-55.05940
260.09219	-55.08417
260.21729	-55.11008
260.34729	-55.13754
260.47659	-55.16580
260.60730	-55.19441
260.73181	-55.22104
260.85281	-55.24686
260.97089	-55.27228
261.09741	-55.29729
261.23920	-55.32462
261.39139	-55.35503
261.54291	-55.39095
261.68271	-55.42961
261.81281	-55.46791
261.93741	-55.50459
262.05981	-55.53812
262.17810	-55.56572
262.29211	-55.58858
262.40601	-55.60945
262.52219	-55.63266
>  323 OCEAN: 1 FEATURE:  6 NAME: MENARD
226.92329	-44.90201
227.01160	-44.93376
227.10130	-44.96794
227.19450	-45.00455
227.29469	-45.04654
227.40120	-45.08897
227.51041	-45.12840
227.62030	-45.16534
227.73219	-45.20177
227.84979	-45.24304
227.96530	-45.28282
228.07520	-45.31721
228.17740	-45.34721
228.27541	-45.37376
228.37070	-45.40179
228.46390	-45.42639
228.56329	-45.45293
228.67239	-45.48674
228.78920	-45.53267
228.90829	-45.58736
229.02940	-45.64392
229.15331	-45.69315
229.27721	-45.73891
229.39259	-45.77542
229.50250	-45.81145
229.60750	-45.84213
229.71600	-45.87715
229.82800	-45.91505
229.94550	-45.95581
230.06310	-45.99751
230.17580	-46.03725
230.28090	-46.07410
230.38240	-46.10849
230.48120	-46.14047
230.57860	-46.17053
230.67590	-46.19768
230.77180	-46.22336
230.86710	-46.25288
230.94991	-46.28290
231.07449	-46.33057
231.19070	-46.37390
231.27290	-46.42261
231.36610	-46.45348
231.47321	-46.48955
231.57899	-46.52849
231.67709	-46.56503
231.80569	-46.60002
231.93990	-46.63731
232.05190	-46.67995
232.16870	-46.71391
232.27299	-46.74315
232.39751	-46.77322
232.48511	-46.80154
232.58099	-46.82600
232.67909	-46.85852
232.76880	-46.88678
232.86760	-46.90974
233.02679	-46.95679
233.13480	-46.99443
233.25310	-47.03438
233.37340	-47.07475
233.48590	-47.11227
233.58670	-47.14555
233.67650	-47.17366
233.76610	-47.19984
233.86070	-47.22742
233.96500	-47.26205
234.07480	-47.29475
234.18401	-47.32837
234.29041	-47.36197
234.39410	-47.40215
234.50340	-47.44231
234.61610	-47.48337
234.73360	-47.52106
234.85181	-47.56015
234.97070	-47.59731
235.08620	-47.63727
235.19960	-47.67534
235.31441	-47.71198
235.43050	-47.74719
235.54739	-47.78329
235.65730	-47.81612
235.76160	-47.83960
235.86440	-47.86168
235.97420	-47.89117
236.09309	-47.92906
236.20790	-47.96457
236.30460	-47.98799
236.42900	-48.02248
236.51601	-48.04686
236.61980	-48.09535
236.70670	-48.12389
236.81441	-48.14072
236.90410	-48.17152
237.00490	-48.20044
237.10091	-48.22609
237.21490	-48.25168
237.33929	-48.28508
237.45061	-48.31712
237.55350	-48.34317
237.65910	-48.36778
237.76891	-48.39192
237.87740	-48.41743
237.98230	-48.43604
238.15810	-48.47472
238.27550	-48.50432
238.39790	-48.53111
238.51320	-48.55515
238.62230	-48.57689
238.72450	-48.59818
238.82671	-48.62178
238.93230	-48.64214
239.04140	-48.66522
239.14980	-48.68460
239.25890	-48.71320
239.36940	-48.73671
239.48900	-48.76570
239.61130	-48.78410
239.73700	-48.80844
239.85580	-48.82454
239.96910	-48.84293
240.07880	-48.85446
240.19060	-48.87286
240.30659	-48.89537
240.42830	-48.92654
240.55070	-48.95860
240.67300	-48.98972
240.79330	-49.01627
240.91420	-49.04095
241.03650	-49.06610
241.15810	-49.09532
241.27980	-49.12683
241.40080	-49.16013
241.51480	-49.18660
241.62740	-49.20895
241.74420	-49.23042
241.87550	-49.25635
242.01100	-49.28134
242.14230	-49.30405
242.26601	-49.32268
242.38550	-49.34131
242.50281	-49.35588
242.61540	-49.37183
242.73000	-49.38957
242.84320	-49.40868
242.96271	-49.42641
243.08290	-49.44231
243.20860	-49.45953
243.33150	-49.47902
243.44620	-49.50124
243.55460	-49.52708
243.66310	-49.55112
243.77910	-49.57378
243.90210	-49.59370
244.02921	-49.61629
244.16330	-49.63794
244.30009	-49.65868
244.43559	-49.67894
244.55791	-49.70193
244.66560	-49.72630
244.76511	-49.75027
244.86380	-49.77199
244.96590	-49.79637
245.06670	-49.81985
245.16830	-49.84465
245.27040	-49.86452
245.38091	-49.88660
245.49899	-49.90775
245.62680	-49.93286
245.75960	-49.95753
245.89160	-49.98485
246.02020	-50.00903
246.14380	-50.03278
246.26540	-50.05338
246.38080	-50.07355
246.49200	-50.08971
246.60240	-50.10498
246.71910	-50.12422
246.84560	-50.14926
246.98320	-50.17737
247.13460	-50.20409
247.29440	-50.22850
247.46040	-50.25288
247.62300	-50.27460
247.78130	-50.29543
247.92650	-50.31181
248.06610	-50.33133
248.20711	-50.35266
248.36270	-50.37660
248.52251	-50.39871
248.68221	-50.41946
248.83710	-50.44601
248.99831	-50.47517
249.16161	-50.50609
249.31870	-50.52858
249.46730	-50.54666
249.61110	-50.56564
249.75760	-50.58815
249.90010	-50.61507
250.03349	-50.63538
250.15440	-50.65305
250.26620	-50.66592
250.37950	-50.68495
250.49890	-50.70621
250.63170	-50.72694
250.77190	-50.74193
250.91640	-50.75421
251.06419	-50.76738
251.21840	-50.77878
251.38220	-50.78751
251.54320	-50.79092
251.68970	-50.79303
251.82010	-50.79611
251.94020	-50.80452
252.05890	-50.81862
252.17349	-50.83057
252.29021	-50.83591
252.41090	-50.83640
252.54060	-50.84039
252.67529	-50.85049
252.81351	-50.86189
252.94679	-50.86804
253.07310	-50.87378
253.19870	-50.88040
253.33620	-50.89622
253.49170	-50.91374
253.65080	-50.93648
253.80360	-50.95612
253.94119	-50.97452
254.07800	-50.98854
254.21690	-51.00342
254.36340	-51.01959
254.50090	-51.03619
254.62460	-51.05020
254.72459	-51.06123
254.87190	-51.08304
254.98300	-51.10103
255.09760	-51.10722
255.22530	-51.11163
255.35510	-51.12691
255.48080	-51.13873
255.62250	-51.15096
255.76210	-51.16707
255.89540	-51.17537
255.99950	-51.18376
256.12991	-51.18858
256.29660	-51.20117
256.40829	-51.20778
256.51871	-51.21875
256.62839	-51.23235
256.73819	-51.24681
256.85141	-51.25952
256.96951	-51.27090
257.08890	-51.28314
257.20901	-51.29189
257.32291	-51.30197
257.44159	-51.31595
257.56320	-51.33385
257.68961	-51.35385
257.80981	-51.37346
257.93079	-51.39697
258.05441	-51.42175
258.17960	-51.44868
258.29501	-51.47475
258.40411	-51.49954
258.50970	-51.51999
258.61880	-51.53783
258.72580	-51.55264
258.83279	-51.56873
258.94180	-51.58440
259.05640	-51.60091
259.17590	-51.61522
259.29260	-51.62953
259.40231	-51.64343
259.50159	-51.65561
259.66422	-51.67450
259.78860	-51.69438
259.89700	-51.71646
260.01859	-51.73373
260.11591	-51.75453
260.22711	-51.77832
260.36609	-51.81232
260.50229	-51.83855
260.62119	-51.85408
260.72672	-51.86447
260.88089	-51.88203
260.98859	-51.90619
261.09631	-51.92044
261.21439	-51.94237
261.30960	-51.96053
261.44440	-51.99484
261.59659	-52.01965
261.75021	-52.04613
261.90659	-52.07600
262.03860	-52.10208
262.15189	-52.13037
262.25769	-52.16121
262.36539	-52.18007
262.45929	-52.21390
262.57681	-52.24339
262.67349	-52.27077
262.77289	-52.29729
262.87439	-52.32037
262.97870	-52.34004
263.08020	-52.36565
263.22339	-52.40514
263.33331	-52.42770
263.44089	-52.45244
263.53690	-52.47633
263.65021	-52.50351
263.76501	-52.53279
263.87271	-52.56250
263.97559	-52.59052
264.07581	-52.61978
264.17389	-52.64482
264.27261	-52.67323
264.37759	-52.70369
264.49030	-52.74466
264.59961	-52.78935
264.69720	-52.83824
264.78021	-52.88463
264.86179	-52.93015
264.94690	-52.97305
>  227 OCEAN: 1 FEATURE:  6 NAME: UNNAMED
235.28200	-43.63142
235.38139	-43.67142
235.47600	-43.70332
235.56360	-43.73019
235.64709	-43.76108
235.72990	-43.79999
235.81770	-43.84039
235.91090	-43.87573
236.00960	-43.90401
236.10831	-43.92723
236.20911	-43.94992
236.30920	-43.97513
236.41000	-44.00633
236.50870	-44.03754
236.60539	-44.06572
236.70680	-44.08836
236.81250	-44.11400
236.92720	-44.14258
237.04601	-44.17464
237.17461	-44.20265
237.31081	-44.22862
237.45250	-44.25255
237.58730	-44.28046
237.71381	-44.31337
237.82851	-44.34782
237.94051	-44.37979
238.05170	-44.40529
238.16640	-44.43124
238.28590	-44.45668
238.40331	-44.48257
238.52280	-44.50500
238.63890	-44.52742
238.75841	-44.55130
238.87511	-44.57817
238.99400	-44.60997
239.10381	-44.64177
239.19290	-44.67067
239.28680	-44.69804
239.39661	-44.72932
239.48421	-44.75771
239.59190	-44.77216
239.71420	-44.79198
239.84410	-44.81474
239.97960	-44.84734
240.09430	-44.87061
240.22549	-44.88741
240.34990	-44.91409
240.45760	-44.93393
240.54860	-44.95132
240.65910	-44.97903
240.79250	-45.00168
240.89670	-45.01164
241.00230	-45.03098
241.10651	-45.05273
241.22600	-45.06755
241.37469	-45.09851
241.54620	-45.13377
241.65190	-45.15356
241.76160	-45.17281
241.87691	-45.19055
241.98460	-45.21225
242.09160	-45.23099
242.19791	-45.25267
242.30769	-45.27580
242.41750	-45.30040
242.52180	-45.32060
242.61900	-45.33493
242.71069	-45.35318
242.80040	-45.37585
242.89290	-45.40437
242.99159	-45.42799
243.10001	-45.44620
243.21530	-45.46043
243.33330	-45.47319
243.44930	-45.49084
243.56320	-45.50899
243.67641	-45.52859
243.79111	-45.54964
243.91400	-45.57164
244.04530	-45.59702
244.18221	-45.61894
244.30800	-45.64232
244.42400	-45.66670
244.53520	-45.69066
244.65401	-45.70921
244.77550	-45.71849
244.89630	-45.72682
245.01019	-45.73514
245.12199	-45.74834
245.22820	-45.76108
245.33730	-45.77525
245.44560	-45.79042
245.56010	-45.80215
245.67329	-45.81194
245.78510	-45.81833
245.89059	-45.82861
245.99409	-45.84036
246.09410	-45.85358
246.19411	-45.86681
246.29201	-45.88004
246.39200	-45.89229
246.49409	-45.90208
246.59621	-45.91190
246.69479	-45.92073
246.78709	-45.93059
246.96899	-45.95027
247.06560	-45.96300
247.16701	-45.97523
247.27460	-45.98647
247.38361	-45.99382
247.49741	-45.99971
247.61749	-46.00366
247.74519	-46.00900
247.87430	-46.01433
247.99580	-46.02209
248.11520	-46.02989
248.23390	-46.04155
248.36031	-46.05270
248.48669	-46.06915
248.61169	-46.08658
248.72630	-46.11031
248.83749	-46.12729
248.94930	-46.13994
249.07629	-46.14287
249.21159	-46.15060
249.34560	-46.16216
249.46021	-46.18150
249.55890	-46.19896
249.65269	-46.21742
249.75130	-46.23058
249.85831	-46.24417
249.96870	-46.25342
250.08600	-46.26505
250.20610	-46.27713
250.32770	-46.29547
250.44231	-46.31670
250.55350	-46.34129
250.66879	-46.36206
250.79939	-46.38228
250.94530	-46.40102
251.10429	-46.42110
251.26891	-46.44020
251.43350	-46.45975
251.59460	-46.48172
251.75230	-46.50656
251.90440	-46.52519
252.04739	-46.53807
252.17509	-46.54094
252.29449	-46.54482
252.40280	-46.54587
252.51660	-46.54881
252.63670	-46.55128
252.76920	-46.55945
252.89970	-46.57285
253.01990	-46.58914
253.12891	-46.60455
253.22960	-46.61996
253.33521	-46.63779
253.44980	-46.65700
253.57350	-46.67424
253.69431	-46.68529
253.80611	-46.69490
253.91789	-46.70740
254.03040	-46.72992
254.15131	-46.75574
254.26601	-46.77968
254.38000	-46.79691
254.48621	-46.80797
254.59731	-46.81615
254.71460	-46.82338
254.84509	-46.83578
254.99020	-46.85339
255.14720	-46.87668
255.30701	-46.90086
255.45430	-46.92789
255.58980	-46.95592
255.71910	-46.98683
255.85110	-47.01440
255.98590	-47.04195
256.11719	-47.06233
256.24789	-47.08464
256.36871	-47.09749
256.49100	-47.11412
256.61450	-47.12602
256.74719	-47.14783
256.94861	-47.16946
257.13699	-47.19331
257.31500	-47.21370
257.40250	-47.26503
257.58179	-47.32503
257.69370	-47.35059
257.79520	-47.37381
257.89600	-47.39609
257.99951	-47.41789
258.10449	-47.43826
258.21078	-47.45766
258.31570	-47.47659
258.42471	-47.49597
258.54910	-47.51956
258.69220	-47.54637
258.84641	-47.57544
258.98959	-47.60027
259.11121	-47.62282
259.21481	-47.64075
259.31201	-47.65964
259.41141	-47.67946
259.51910	-47.70676
259.63660	-47.73915
259.76239	-47.77571
259.88831	-47.81082
260.01349	-47.84732
260.13379	-47.88379
260.25131	-47.92212
260.36679	-47.95393
260.48291	-47.97827
260.59479	-48.00162
260.69489	-48.02921
260.78601	-48.06287
260.87991	-48.09419
260.98361	-48.12593
261.08511	-48.15437
261.17761	-48.17960
261.35059	-48.22264
261.44870	-48.25014
261.55301	-48.28407
261.65250	-48.31615
261.74991	-48.34912
>  150 OCEAN: 1 FEATURE:  6 NAME: UNNAMED
240.91930	-40.67632
241.01601	-40.72456
241.10930	-40.76750
241.20250	-40.80779
241.29849	-40.84010
241.39450	-40.87453
241.48630	-40.90524
241.57530	-40.94070
241.66370	-40.97406
241.75410	-41.00948
241.84520	-41.03804
241.93910	-41.06711
242.02879	-41.09303
242.11920	-41.12157
242.21159	-41.14903
242.31380	-41.18011
242.42160	-41.21431
242.52730	-41.24847
242.63091	-41.28265
242.73660	-41.31577
242.85201	-41.35092
242.97020	-41.38342
243.08141	-41.41380
243.18291	-41.43796
243.27879	-41.45901
243.37190	-41.47432
243.46080	-41.49171
243.54700	-41.51436
243.63390	-41.54791
243.72160	-41.58459
243.80791	-41.62074
243.89340	-41.64854
243.98100	-41.67163
244.07001	-41.68690
244.15820	-41.70009
244.24500	-41.71797
244.33530	-41.74051
244.43190	-41.76874
244.53481	-41.79173
244.63760	-41.81367
244.74120	-41.83302
244.84399	-41.85545
244.94901	-41.88463
245.04980	-41.91795
245.14720	-41.95178
245.24800	-41.97783
245.35500	-41.99867
245.46960	-42.01532
245.58560	-42.03143
245.70850	-42.04755
245.83971	-42.06517
245.97099	-42.08379
246.09531	-42.10191
246.21060	-42.12009
246.33000	-42.14029
246.45509	-42.16307
246.58231	-42.18788
246.70660	-42.21269
246.82610	-42.23598
246.94009	-42.25771
247.04080	-42.27690
247.13330	-42.29973
247.22639	-42.32051
247.33270	-42.34331
247.45219	-42.36037
247.57510	-42.38049
247.69040	-42.39854
247.79320	-42.41666
247.88699	-42.42813
247.98070	-42.43858
248.07860	-42.44798
248.18140	-42.46149
248.28490	-42.47290
248.38760	-42.48483
248.48970	-42.49628
248.58900	-42.50975
248.68210	-42.52069
248.77229	-42.52394
248.86670	-42.52103
248.97000	-42.51497
249.07620	-42.51097
249.18089	-42.50801
249.28979	-42.50452
249.41051	-42.50099
249.54160	-42.49997
249.67070	-42.50665
249.78799	-42.51801
249.89360	-42.52786
250.00191	-42.53363
250.12399	-42.53627
250.26840	-42.54448
250.42039	-42.55263
250.56960	-42.56589
250.70500	-42.57355
250.82930	-42.58231
250.94791	-42.58185
251.06239	-42.57780
251.17270	-42.57121
251.27390	-42.56721
251.37041	-42.56839
251.47310	-42.56853
251.58760	-42.56964
251.71320	-42.57121
251.83321	-42.57587
251.95050	-42.58516
252.06230	-42.59244
252.17821	-42.59712
252.28650	-42.59671
252.39400	-42.59731
252.49879	-42.59947
252.60770	-42.59958
252.71181	-42.59352
252.81371	-42.58646
252.92261	-42.58452
253.04410	-42.58971
253.17731	-42.59589
253.30360	-42.59795
253.42580	-42.60002
253.54160	-42.60320
253.66521	-42.60631
253.78450	-42.60789
253.90390	-42.60538
254.01421	-42.60289
254.12520	-42.59836
254.23410	-42.59486
254.35271	-42.59187
254.47690	-42.58421
254.60030	-42.57858
254.71060	-42.57507
254.80910	-42.58495
254.89940	-42.60152
254.98700	-42.62425
255.16280	-42.64409
255.25220	-42.63914
255.34450	-42.63315
255.43880	-42.62971
255.53799	-42.62831
255.63580	-42.62743
255.72330	-42.63066
255.83430	-42.63329
255.93491	-42.62880
256.01682	-42.64334
256.12079	-42.62602
256.21591	-42.62411
256.31241	-42.63556
256.39841	-42.62189
256.48911	-42.60768
256.57120	-42.62994
256.66901	-42.63985
256.85629	-42.62013
