>   24 OCEAN: 2 PLATE:  2 ID_NO:  2 ALT: NONE  ANOMALY_ID: 1
314.18549	20.83957
314.17789	20.76949
314.15991	20.69741
314.13641	20.61938
314.11560	20.53935
314.10449	20.45996
314.09210	20.38708
314.08380	20.31615
314.06921	20.24452
314.05539	20.17023
314.03320	20.09457
314.01239	20.01822
313.99371	19.94316
313.97989	19.87069
313.96329	19.80017
313.94171	19.72763
313.91681	19.65373
313.89600	19.57782
313.88080	19.50255
313.86691	19.42326
313.84891	19.34132
313.82529	19.25732
313.79971	19.17793
313.77399	19.10314
>   12 OCEAN: 2 PLATE:  2 ID_NO:  2 ALT: NONE  ANOMALY_ID: 1
313.75540	18.96603
313.72971	18.84868
313.70901	18.75050
313.69299	18.67088
313.67850	18.59652
313.66190	18.51878
313.64520	18.43903
313.62790	18.36325
313.61621	18.28876
313.60580	18.21421
313.59540	18.13833
313.58090	18.06310
>   27 OCEAN: 2 PLATE:  2 ID_NO:  2 ALT: NONE  ANOMALY_ID: 1
313.59381	17.67309
313.57370	17.57221
313.55841	17.48603
313.54880	17.41251
313.54391	17.34029
313.53909	17.26067
313.53360	17.17637
313.52820	17.09402
313.52130	17.01565
313.51160	16.94127
313.49979	16.86549
313.48459	16.78635
313.46939	16.70448
313.45279	16.62660
313.44031	16.55341
313.42850	16.48353
313.41400	16.41229
313.39529	16.34303
313.37451	16.27509
313.35501	16.20239
313.33569	16.11959
313.31561	16.02531
313.29340	15.93369
313.27261	15.84673
313.25040	15.76513
313.22961	15.67677
313.20749	15.58229
>   21 OCEAN: 2 PLATE:  2 ID_NO:  2 ALT: NONE  ANOMALY_ID: 5
312.97830	20.48974
312.96371	20.42210
312.94989	20.34262
312.94089	20.25130
312.93610	20.16125
312.93689	20.08301
312.93771	20.01524
312.93359	19.88027
312.92670	19.80844
312.91290	19.73724
312.90039	19.63436
312.89841	19.54790
312.87839	19.40786
312.86731	19.32259
312.85419	19.23729
312.84311	19.15128
312.82999	19.06456
312.80920	18.97248
312.78351	18.88631
312.75510	18.81004
312.72949	18.74369
>   21 OCEAN: 2 PLATE:  2 ID_NO:  2 ALT: NONE  ANOMALY_ID: 5
312.32379	17.49078
312.28629	17.36838
312.25580	17.26802
312.23361	17.18972
312.21909	17.12343
312.20319	17.04906
312.18240	16.96663
312.15390	16.87275
312.12341	16.77747
312.09500	16.67947
312.07211	16.58480
312.05270	16.49276
312.03339	16.40337
312.01120	16.31664
311.98480	16.23589
311.95920	16.16521
311.92999	16.09517
311.89880	16.01432
311.85919	15.91996
311.81970	15.82555
311.78091	15.73785
>   21 OCEAN: 2 PLATE:  2 ID_NO:  2 ALT: NONE  ANOMALY_ID: 6
311.70801	20.72376
311.67471	20.66277
311.62961	20.54864
311.61020	20.48234
311.60190	20.40488
311.59149	20.31886
311.58530	20.23869
311.56940	20.16244
311.55341	20.09400
311.54169	20.02623
311.53339	19.96105
311.52719	19.89124
311.51959	19.81679
311.51550	19.73901
311.51279	19.66649
311.51279	19.59919
311.51080	19.53320
311.50601	19.46452
311.49081	19.39183
311.47690	19.31978
311.46521	19.24837
>    7 OCEAN: 2 PLATE:  2 ID_NO:  2 ALT: NONE  ANOMALY_ID: 6
310.82901	16.80765
310.81299	16.71838
310.78949	16.61832
310.75830	16.50816
310.71799	16.39723
310.67709	16.28963
310.63550	16.18465
>   22 OCEAN: 2 PLATE:  5 ID_NO:  1 ALT: NONE  ANOMALY_ID: 1
314.51089	20.82239
314.46930	20.67294
314.44089	20.55821
314.42429	20.47490
314.41391	20.40531
314.40219	20.33176
314.39111	20.25817
314.37589	20.18192
314.35791	20.10363
314.33710	20.02532
314.31979	19.94630
314.30319	19.86395
314.28448	19.77364
314.26230	19.68130
314.23871	19.59156
314.21790	19.50836
314.19641	19.42973
314.17630	19.35505
314.15479	19.28297
314.13611	19.21350
314.11539	19.14402
314.09320	19.07384
>   13 OCEAN: 2 PLATE:  5 ID_NO:  1 ALT: NONE  ANOMALY_ID: 1
314.06201	18.89495
314.06210	18.79683
314.04691	18.70262
314.01770	18.61564
313.98581	18.53790
313.96301	18.46214
313.94839	18.38568
313.93881	18.30188
313.92630	18.22005
313.90619	18.13882
313.88190	18.06021
313.85760	17.97691
313.83759	17.88960
>   26 OCEAN: 2 PLATE:  5 ID_NO:  1 ALT: NONE  ANOMALY_ID: 1
313.85660	17.58337
313.81430	17.45701
313.78311	17.35135
313.76859	17.26640
313.75681	17.19078
313.74780	17.11511
313.73120	17.03943
313.72021	16.96706
313.70981	16.89198
313.70361	16.81419
313.69321	16.73369
313.68011	16.65583
313.66760	16.57793
313.65521	16.49665
313.64340	16.41331
313.62891	16.33331
313.61292	16.25865
313.59421	16.18798
313.57480	16.11729
313.55469	16.04254
313.53320	15.96507
313.51031	15.88554
313.48889	15.80800
313.47299	15.72637
313.46329	15.63935
313.45779	15.54624
>   32 OCEAN: 2 PLATE:  5 ID_NO:  1 ALT: NONE  ANOMALY_ID: 13
318.92920	19.62857
318.90909	19.55991
318.89380	19.48924
318.87650	19.41459
318.85571	19.33460
318.83081	19.24993
318.80930	19.16325
318.78989	19.08050
318.77191	18.99837
318.75101	18.91421
318.72681	18.82402
318.69629	18.73312
318.67001	18.64616
318.64569	18.56380
318.62491	18.48274
318.59781	18.39964
318.56940	18.31516
318.54309	18.23463
318.51810	18.15340
318.49380	18.06880
318.46539	17.97483
318.44250	17.88283
318.42111	17.79677
318.40231	17.72002
318.38019	17.64725
318.35861	17.57777
318.33990	17.50828
318.32190	17.43810
318.30389	17.36586
318.28519	17.29630
318.26929	17.22871
318.25540	17.16310
>   15 OCEAN: 2 PLATE:  5 ID_NO:  1 ALT: NONE  ANOMALY_ID: 13
318.10620	15.98447
318.03119	15.83610
317.96799	15.70655
317.91180	15.60394
317.86600	15.52423
317.82431	15.45529
317.79099	15.39177
317.75839	15.33022
317.72089	15.27002
317.68689	15.20439
317.64941	15.13401
317.61749	15.06225
317.58560	14.99522
317.56891	14.93224
317.56271	14.87129
>   71 OCEAN: 2 PLATE:  5 ID_NO:  1 ALT: NONE  ANOMALY_ID: 21??
321.09161	22.51351
321.09799	22.39050
321.10220	22.28753
321.10580	22.20394
321.10999	22.12807
321.11771	22.05346
321.12189	21.97686
321.12900	21.89891
321.13251	21.81377
321.14029	21.73185
321.14310	21.64856
321.14459	21.56847
321.14182	21.47661
321.13980	21.38338
321.13779	21.28814
321.13510	21.20590
321.12680	21.13079
321.11371	21.06152
321.09641	20.99219
321.07971	20.92153
321.06241	20.84886
321.04929	20.76831
321.04031	20.68052
321.03830	20.59007
321.03900	20.50613
321.03909	20.43002
321.03500	20.35517
321.02609	20.27766
321.01431	20.19747
321.00119	20.11657
320.98450	20.03696
320.96439	19.95795
320.94150	19.88152
320.91791	19.80309
320.89160	19.71934
320.86249	19.63157
320.83170	19.53979
320.80441	19.44930
320.77850	19.35675
320.75519	19.27014
320.73050	19.18943
320.71210	19.11860
320.69751	19.05173
320.68851	18.98681
320.67749	18.92054
320.66431	18.85292
320.64630	18.78394
320.62411	18.71161
320.59698	18.63458
320.56580	18.55287
320.53040	18.47111
320.49640	18.39064
320.46521	18.30615
320.43881	18.21764
320.41180	18.12975
320.38409	18.04581
320.35571	17.96182
320.32861	17.86978
320.30511	17.77572
320.28571	17.68162
320.26489	17.59614
320.23709	17.51060
320.19958	17.42233
320.16290	17.32063
320.12820	17.21421
320.09769	17.10775
320.06369	17.01193
320.03461	16.92344
320.00961	16.84027
319.99030	16.75641
319.97021	16.67118
>   43 OCEAN: 2 PLATE:  5 ID_NO:  1 ALT: NONE  ANOMALY_ID: 25
323.10611	22.77831
323.10339	22.69756
323.09579	22.62000
323.08191	22.54239
323.06531	22.46474
323.04800	22.38508
323.03000	22.30799
323.00711	22.22954
322.98141	22.14780
322.95090	22.05756
322.92731	21.96729
322.90521	21.87760
322.89200	21.79308
322.87891	21.70132
322.86719	21.60172
322.85339	21.49748
322.83401	21.40165
322.81671	21.31749
322.79871	21.23981
322.78271	21.16274
322.76260	21.08497
322.74039	21.00846
322.71829	20.93452
322.69400	20.86186
322.66901	20.79047
322.64270	20.71381
322.61630	20.63250
322.58929	20.54657
322.56360	20.46651
322.54700	20.39233
322.53381	20.32401
322.52209	20.25503
322.50201	20.18665
322.48050	20.11626
322.45901	20.04846
322.42780	19.94443
322.41461	19.87395
322.39661	19.81267
322.38840	19.74345
322.37589	19.67617
322.34741	19.60355
322.33221	19.53292
322.33920	19.50916
>   26 OCEAN: 2 PLATE:  5 ID_NO:  1 ALT: NONE  ANOMALY_ID: 25
322.15860	18.39993
322.14691	18.24292
322.13461	18.11846
322.11929	18.02722
322.09991	17.94991
322.07840	17.86855
322.05969	17.78315
322.04169	17.69907
322.02579	17.62161
322.00699	17.54813
321.99039	17.47529
321.97101	17.39639
321.94958	17.31344
321.92459	17.22576
321.89691	17.14005
321.86911	17.04895
321.83789	16.95376
321.80740	16.85116
321.77689	16.75789
321.74780	16.67332
321.71860	16.59675
321.68951	16.51611
321.66309	16.43277
321.63889	16.34468
321.61530	16.25388
321.59109	16.15967
>  104 OCEAN: 2 PLATE:  5 ID_NO:  1 ALT: NONE  ANOMALY_ID: 30
324.98291	22.98440
324.97330	22.88632
324.96149	22.79208
324.94699	22.70361
324.92831	22.62862
324.91370	22.56007
324.89990	22.49018
324.88599	22.40926
324.86600	22.32050
324.84451	22.23558
324.82581	22.16036
324.80780	22.09223
324.79111	22.02144
324.77240	21.94544
324.75650	21.86745
324.73990	21.79591
324.72461	21.72955
324.69839	21.59544
324.68591	21.52379
324.66931	21.45338
324.65060	21.38490
324.62979	21.31377
324.60959	21.23803
324.58749	21.15440
324.56879	21.07402
324.55151	20.99556
324.53479	20.92425
324.51611	20.85290
324.49869	20.78284
324.48361	20.71208
324.46970	20.64130
324.45309	20.56718
324.43781	20.49107
324.42401	20.41229
324.41501	20.34072
324.40601	20.27570
324.39151	20.18697
324.38120	20.10474
324.36600	20.01460
324.35699	19.93032
324.33200	19.85191
324.31750	19.76029
324.30511	19.68378
324.29190	19.61978
324.27249	19.54650
324.24481	19.45467
324.21979	19.38398
324.19830	19.31387
324.19629	19.24446
324.18451	19.15578
324.15750	19.06242
324.13879	18.98493
324.12769	18.91137
324.10690	18.79200
324.08960	18.70110
324.06891	18.60948
324.04810	18.52446
324.02802	18.44337
324.00580	18.36292
323.97800	18.28375
323.95380	18.20055
323.93091	18.11063
323.91641	18.01405
323.89911	17.92541
323.88800	17.84339
323.87140	17.76735
323.86249	17.68925
323.84650	17.61314
323.82990	17.53898
323.80490	17.46479
323.78409	17.38855
323.77100	17.31164
323.76480	17.23872
323.76071	17.17045
323.75101	17.10416
323.73511	17.02778
323.71570	16.93662
323.69351	16.82464
323.67270	16.71056
323.64920	16.60181
323.63260	16.51315
323.61670	16.43722
323.60840	16.37135
323.59521	16.27654
323.57999	16.20522
323.55219	16.12040
323.54190	16.05508
323.52039	15.97356
323.49121	15.90210
323.47672	15.83064
323.46490	15.74635
323.44760	15.65797
323.44080	15.58374
323.43320	15.49868
323.42349	15.41290
323.41519	15.34940
323.39789	15.28383
323.38480	15.18105
323.36191	15.06129
323.35089	14.99359
323.33981	14.92725
323.32800	14.86088
323.31271	14.79041
323.29401	14.71585
>   96 OCEAN: 2 PLATE:  5 ID_NO:  1 ALT: NONE  ANOMALY_ID: 32
325.58359	22.92727
325.57458	22.84272
325.56851	22.75686
325.56509	22.67418
325.56091	22.59532
325.55539	22.51770
325.54709	22.43681
325.53961	22.35521
325.52921	22.27747
325.51611	22.20291
325.49881	22.13026
325.48279	22.05820
325.46689	21.98937
325.45380	21.91530
325.43570	21.83338
325.41559	21.73904
325.38861	21.64140
325.36230	21.53913
325.34091	21.43810
325.32349	21.34352
325.31039	21.25672
325.29309	21.17377
325.27850	21.08295
325.25781	20.99207
325.23770	20.90178
325.21481	20.82191
325.20099	20.74724
325.19409	20.67714
325.18719	20.60567
325.17261	20.52632
325.15250	20.43638
325.13589	20.33327
325.12701	20.22948
325.11530	20.12954
325.09930	20.04204
325.07440	19.95842
325.05429	19.87804
325.03979	19.79697
325.03290	19.71588
325.02740	19.63211
325.01569	19.53905
325.00040	19.44064
324.98181	19.33620
324.96790	19.23702
324.95480	19.13776
324.94171	19.04840
324.92639	18.96296
324.91330	18.88674
324.90219	18.80983
324.89041	18.73286
324.87589	18.65390
324.85931	18.57222
324.83990	18.48186
324.81921	18.37813
324.79489	18.26904
324.77481	18.16589
324.75751	18.06998
324.74579	17.97739
324.73331	17.88473
324.71671	17.79868
324.69589	17.71527
324.67099	17.63246
324.64880	17.54627
324.62799	17.46074
324.61069	17.36578
324.58850	17.25806
324.56570	17.13823
324.54071	17.02436
324.52481	16.92048
324.51169	16.82460
324.50562	16.72801
324.49799	16.63605
324.49249	16.54742
324.48279	16.46614
324.46970	16.38480
324.45380	16.31083
324.43921	16.23886
324.42819	16.17158
324.41849	16.10359
324.40811	16.03827
324.39560	15.97157
324.37970	15.90013
324.36099	15.82192
324.33951	15.73221
324.31799	15.63774
324.29721	15.54053
324.27719	15.45410
324.25641	15.37302
324.23840	15.29596
324.21899	15.22227
324.19400	15.10794
324.16000	14.99353
324.14410	14.91972
324.11981	14.84115
324.11511	14.73479
324.13251	14.71111
>  100 OCEAN: 2 PLATE:  5 ID_NO:  1 ALT: NONE  ANOMALY_ID: 33R
327.17291	22.81938
327.14929	22.74120
327.12991	22.66623
327.11600	22.59770
327.10291	22.53497
327.07520	22.41196
327.05719	22.34265
327.03500	22.26877
327.00870	22.18640
326.98230	22.10529
326.95660	22.02217
326.93030	21.94224
326.90399	21.86034
326.87341	21.77708
326.84219	21.69312
326.80750	21.61040
326.77841	21.53222
326.74719	21.45266
326.71460	21.36850
326.67429	21.28036
326.64029	21.19219
326.61121	21.10658
326.58551	21.02222
326.55499	20.94241
326.52240	20.86516
326.49191	20.78918
326.46210	20.71186
326.43430	20.63582
326.40521	20.56038
326.37531	20.47700
326.34479	20.38572
326.32199	20.28719
326.30261	20.19253
326.28180	20.09649
326.25269	20.00039
326.22150	19.90092
326.19379	19.80403
326.16809	19.71304
326.14661	19.62991
326.12231	19.54870
326.10220	19.46350
326.08221	19.37495
326.06970	19.29298
326.06009	19.22157
326.05319	19.15409
326.04349	19.08391
326.02960	19.00907
326.01370	18.93353
325.99850	18.85663
325.98459	18.77769
325.97290	18.69742
325.96390	18.61378
325.95639	18.52810
325.94601	18.44241
325.93420	18.36396
325.92389	18.29079
325.91699	18.21895
325.91010	18.14172
325.90390	18.05982
325.89771	17.97721
325.89011	17.89456
325.87909	17.81319
325.86591	17.72844
325.85211	17.64368
325.83829	17.55885
325.82031	17.47532
325.79880	17.38638
325.77249	17.28737
325.74680	17.18160
325.72119	17.08450
325.69830	17.00478
325.67609	16.93908
325.65881	16.87403
325.64221	16.80092
325.62689	16.72040
325.60751	16.63783
325.58810	16.55858
325.56729	16.48332
325.54651	16.40871
325.52499	16.33405
325.50351	16.25805
325.48761	16.18334
325.47089	16.11536
325.43561	16.00017
325.41550	15.92941
325.39609	15.84243
325.38019	15.73994
325.36700	15.64548
325.34769	15.55708
325.32480	15.47400
325.29630	15.38954
325.26999	15.30707
325.24570	15.22727
325.22839	15.15288
325.21661	15.08319
325.20419	15.01281
325.18829	14.93832
325.17029	14.85907
325.15640	14.78387
325.14609	14.71272
>   49 OCEAN: 2 PLATE:  5 ID_NO:  1 ALT: NONE  ANOMALY_ID: 34
327.10089	19.05843
327.07111	18.93980
327.04340	18.83704
327.01700	18.75080
326.99210	18.67049
326.96640	18.59212
326.94150	18.51373
326.91440	18.43129
326.88879	18.34750
326.86380	18.26500
326.84299	18.18978
326.82501	18.11454
326.80841	18.03059
326.78479	17.93127
326.75430	17.82389
326.72379	17.72244
326.70651	17.63834
326.69891	17.56956
326.66422	17.45930
326.61710	17.34624
326.59631	17.27800
326.57339	17.20436
326.54630	17.12599
326.52551	17.04762
326.50540	16.96585
326.48740	16.88271
326.46591	16.79618
326.44791	16.71297
326.43130	16.63443
326.40979	16.55652
326.38489	16.47385
326.35159	16.38510
326.32321	16.29833
326.29611	16.21826
326.27881	16.14558
326.26010	16.07757
326.23999	16.01223
326.21289	15.94617
326.18591	15.87202
326.15671	15.78905
326.13031	15.70000
326.10330	15.61699
326.07971	15.53665
326.05331	15.46234
326.02701	15.38259
325.99579	15.30148
325.96600	15.21490
325.93619	15.13303
325.90909	15.05521
>   41 OCEAN: 2 PLATE:  5 ID_NO:  1 ALT: NONE  ANOMALY_ID: 34??
327.98029	22.53568
327.94281	22.43659
327.90460	22.33746
327.87341	22.24411
327.84570	22.15266
327.82559	22.06958
327.80200	21.98710
327.78189	21.90848
327.76181	21.82655
327.74039	21.73808
327.71121	21.64106
327.67581	21.53878
327.63910	21.44164
327.60651	21.35292
327.57529	21.27525
327.55170	21.20340
327.52881	21.13152
327.50381	21.04718
327.46841	20.95166
327.42889	20.85020
327.39429	20.75783
327.36240	20.67197
327.33539	20.58935
327.30551	20.50665
327.27979	20.42460
327.25491	20.34513
327.23199	20.25970
327.20920	20.16830
327.18350	20.06434
327.15790	19.95506
327.13150	19.84370
327.10519	19.74020
327.07681	19.64785
327.04559	19.56401
327.01569	19.48936
326.98941	19.41933
326.96930	19.35387
326.94919	19.28709
326.92770	19.21828
326.90201	19.14746
326.87570	19.07596
>   20 OCEAN: 2 PLATE:  5 ID_NO:  1 ALT: NONE  ANOMALY_ID: 5
314.95801	17.30241
314.90460	17.12628
314.86581	16.98827
314.84091	16.88168
314.81241	16.78709
314.77841	16.67902
314.74509	16.57156
314.72299	16.47349
314.71329	16.39285
314.71130	16.32024
314.71140	16.24897
314.70660	16.17159
314.69620	16.09081
314.67889	16.00931
314.66159	15.93183
314.63870	15.85701
314.61441	15.77944
314.58530	15.69983
314.55890	15.62153
314.53391	15.54794
>   18 OCEAN: 2 PLATE:  5 ID_NO:  1 ALT: NONE  ANOMALY_ID: 5??
315.68759	20.31670
315.63000	20.16409
315.58771	20.04567
315.56131	19.96140
315.54330	19.89157
315.52319	19.81908
315.49899	19.74258
315.47260	19.66869
315.44559	19.59608
315.42130	19.52477
315.39911	19.45011
315.38321	19.37346
315.36581	19.29742
315.34991	19.22201
315.32840	19.14524
315.31461	19.06712
315.30420	18.98963
315.30081	18.91478
>   43 OCEAN: 2 PLATE:  5 ID_NO:  1 ALT: NONE  ANOMALY_ID: 6
316.97809	18.38581
316.94131	18.24672
316.90881	18.12622
316.88309	18.02765
316.85681	17.94498
316.83319	17.86897
316.80890	17.79423
316.78601	17.71681
316.75900	17.63735
316.72360	17.56318
316.68539	17.49299
316.64999	17.42474
316.62439	17.35051
316.59940	17.27489
316.57019	17.19991
316.53900	17.12824
316.50711	17.05521
316.48001	16.97611
316.45441	16.89096
316.43851	16.80779
316.42609	16.73265
316.41290	16.66284
316.39209	16.59234
316.36710	16.51710
316.34280	16.44248
316.31931	16.37053
316.29431	16.30393
316.26999	16.23866
316.24438	16.17268
316.22220	16.10535
316.19299	16.03934
316.16660	15.97599
316.13821	15.91397
316.09451	15.80811
316.06180	15.74535
316.03409	15.66235
316.02170	15.59149
316.00220	15.53072
315.97940	15.46721
315.95920	15.40099
315.93011	15.33070
315.90030	15.26711
315.88571	15.26440
>   16 OCEAN: 2 PLATE:  5 ID_NO:  1 ALT: NONE  ANOMALY_ID: M0
335.45850	17.38503
335.43069	17.29265
335.41269	17.21431
335.40231	17.15204
335.39401	17.04551
335.36270	16.92548
335.33771	16.85972
335.31409	16.78053
335.28699	16.69592
335.26129	16.61463
335.22931	16.54138
335.19669	16.47077
335.16409	16.39746
335.13699	16.32345
335.11191	16.24940
335.08969	16.17670
>   17 OCEAN: 2 PLATE:  5 ID_NO:  1 ALT: NONE  ANOMALY_ID: M0
335.19641	13.84935
335.18521	13.78331
335.17410	13.71519
335.16299	13.64230
335.14841	13.56664
335.13321	13.49097
335.11859	13.42072
335.10541	13.35182
335.09698	13.28359
335.09009	13.21262
335.09009	13.14437
335.08871	13.07745
335.08179	12.94424
335.07141	12.87453
335.06161	12.80206
335.05890	12.72548
335.06519	12.64548
>    4 OCEAN: 2 PLATE:  5 ID_NO:  1 ALT: NONE  ANOMALY_ID: M0??
334.90790	20.06608
334.88919	19.94553
334.88571	19.88029
334.88919	19.81110
>    7 OCEAN: 2 PLATE:  5 ID_NO:  1 ALT: NONE  ANOMALY_ID: M0??
335.18320	19.40748
335.17761	19.33738
335.16641	19.26396
335.15329	19.18520
335.13800	19.10773
335.12619	19.03420
335.11441	18.96661
>   19 OCEAN: 2 PLATE:  5 ID_NO:  1 ALT: NONE  ANOMALY_ID: M0??
335.40829	18.89539
335.39719	18.81377
335.38611	18.72750
335.37640	18.64318
335.36319	18.56214
335.35071	18.48636
335.33121	18.40856
335.31110	18.33072
335.28751	18.25683
335.27151	18.18759
335.26041	18.11965
335.25000	18.04368
335.23611	17.95700
335.21939	17.86494
335.20551	17.77820
335.19241	17.69808
335.17709	17.62125
335.15900	17.54440
335.13959	17.46887
>   17 OCEAN: 2 PLATE:  5 ID_NO:  1 ALT: NONE  ANOMALY_ID: M0??
335.33981	16.37685
335.31689	16.26647
335.29391	16.16415
335.27451	16.06985
335.25510	15.98158
335.24539	15.89867
335.24060	15.82247
335.23920	15.74895
335.22949	15.67337
335.21490	15.59640
335.20029	15.52008
335.18710	15.44846
335.16840	15.37952
335.14401	15.30918
335.11560	15.23476
335.08569	15.15421
335.05240	15.07095
>   16 OCEAN: 2 PLATE:  5 ID_NO:  1 ALT: NONE  ANOMALY_ID: M0??
335.30249	15.10781
335.27328	15.04008
335.24689	14.97031
335.22739	14.89645
335.21289	14.81988
335.20319	14.73717
335.18860	14.65171
335.16980	14.56147
335.14691	14.47662
335.12891	14.39583
335.11710	14.32179
335.10669	14.24909
335.09409	14.17840
335.07471	14.10837
335.05670	14.03967
335.04001	13.97163
>   21 OCEAN: 2 PLATE:  5 ID_NO:  1 ALT: NONE  ANOMALY_ID: M11
336.45901	17.71703
336.44299	17.59946
336.42770	17.49720
336.41241	17.40960
336.39929	17.32796
336.38889	17.24431
336.38062	17.16060
336.37009	17.07419
336.35831	16.98571
336.35071	16.88847
336.34720	16.78783
336.34720	16.68851
336.34171	16.60256
336.33200	16.51923
336.31879	16.43520
336.30841	16.34036
336.30011	16.25224
336.29099	16.16945
336.28131	16.09805
336.27441	16.02800
336.27161	15.95995
>   15 OCEAN: 2 PLATE:  5 ID_NO:  1 ALT: NONE  ANOMALY_ID: M11
336.77219	13.12125
336.75900	13.05704
336.74649	12.98872
336.73471	12.91628
336.71951	12.84383
336.70349	12.77407
336.68188	12.70772
336.66040	12.64408
336.63190	12.57906
336.61041	12.51128
336.58810	12.44073
336.57639	12.37157
336.55899	12.30375
336.54099	12.23591
336.51599	12.16667
>   16 OCEAN: 2 PLATE:  5 ID_NO:  1 ALT: NONE  ANOMALY_ID: M11??
336.15839	20.67062
336.14801	20.60043
336.14249	20.52824
336.14041	20.45408
336.13760	20.37461
336.13071	20.28851
336.12170	20.19712
336.11551	20.10436
336.11411	20.02144
336.11411	19.94637
336.11481	19.87849
336.11621	19.81062
336.12039	19.74534
336.12390	19.68136
336.12390	19.61734
336.12109	19.55134
>    6 OCEAN: 2 PLATE:  5 ID_NO:  1 ALT: NONE  ANOMALY_ID: M11??
336.01480	19.25972
336.01620	19.18362
336.01691	19.10549
336.01971	19.02470
336.02530	18.94518
336.03360	18.86632
>   12 OCEAN: 2 PLATE:  5 ID_NO:  1 ALT: NONE  ANOMALY_ID: M11??
336.25879	18.78899
336.24069	18.68474
336.22610	18.58709
336.21851	18.49406
336.21439	18.40632
336.21021	18.31652
336.20181	18.23333
336.19489	18.15210
336.18860	18.07482
336.18240	17.99284
336.17200	17.91149
336.15881	17.83079
>   19 OCEAN: 2 PLATE:  5 ID_NO:  1 ALT: NONE  ANOMALY_ID: M11??
336.40921	15.77809
336.39880	15.66538
336.39249	15.56884
336.38629	15.48577
336.38000	15.40399
336.37311	15.31815
336.37100	15.23227
336.36899	15.15176
336.36130	15.07529
336.35089	15.00286
336.33841	14.93512
336.33151	14.87144
336.32031	14.74536
336.31549	14.67485
336.30719	14.59888
336.29120	14.52491
336.27319	14.45158
336.25861	14.37483
336.24680	14.29130
>   11 OCEAN: 2 PLATE:  5 ID_NO:  1 ALT: NONE  ANOMALY_ID: M11??
336.47189	14.32825
336.47330	14.23858
336.46979	14.15091
336.45590	14.06114
336.43930	13.97407
336.41779	13.88967
336.40179	13.81547
336.38791	13.74397
336.37949	13.67379
336.37189	13.60226
336.36569	13.53207
>   16 OCEAN: 2 PLATE:  5 ID_NO:  1 ALT: NONE  ANOMALY_ID: M16
337.17151	20.78982
337.15759	20.71114
337.14441	20.63705
337.12909	20.56619
337.11520	20.49728
337.10001	20.42373
337.08609	20.34686
337.07010	20.26272
337.05270	20.17590
337.03189	20.08839
337.01031	20.00542
336.98459	19.92570
336.95889	19.84856
336.93259	19.77338
336.91241	19.70477
336.89651	19.64141
>   19 OCEAN: 2 PLATE:  5 ID_NO:  1 ALT: NONE  ANOMALY_ID: M16
337.50381	13.33099
337.50031	13.24706
337.49969	13.15423
337.49481	13.05590
337.49200	12.95686
337.48300	12.86597
337.47891	12.77983
337.47400	12.70189
337.47470	12.62801
337.47540	12.55482
337.47610	12.47747
337.47330	12.39462
337.46640	12.31449
337.46078	12.23845
337.45670	12.16924
337.45529	12.10138
337.44971	12.03143
337.44699	11.95669
337.44769	11.87781
>    6 OCEAN: 2 PLATE:  5 ID_NO:  1 ALT: NONE  ANOMALY_ID: M16??
337.10281	19.71291
337.08270	19.64690
337.06320	19.57623
337.04379	19.50095
337.02850	19.42692
337.01529	19.35619
>    6 OCEAN: 2 PLATE:  5 ID_NO:  1 ALT: NONE  ANOMALY_ID: M16??
336.98410	19.04047
336.96951	18.96622
336.95630	18.89527
336.94241	18.82829
336.90979	18.70218
336.89029	18.64043
>   22 OCEAN: 2 PLATE:  5 ID_NO:  1 ALT: NONE  ANOMALY_ID: M16??
337.19049	18.59895
337.18491	18.53582
337.17871	18.47066
337.17249	18.40353
337.16830	18.33369
337.16199	18.26514
337.15091	18.19322
337.13501	18.11396
337.11969	18.02532
337.10651	17.93132
337.09329	17.83994
337.07730	17.75115
337.05930	17.67101
337.04190	17.59486
337.02802	17.52669
337.01630	17.45782
337.00650	17.38960
336.99469	17.31532
336.98361	17.24103
336.97180	17.16468
336.96411	17.09167
336.95929	17.01932
>   18 OCEAN: 2 PLATE:  5 ID_NO:  1 ALT: NONE  ANOMALY_ID: M16??
337.29071	17.09813
337.28381	17.01500
337.27960	16.93120
337.27829	16.84670
337.27621	16.77021
337.27341	16.69840
337.26849	16.62318
337.26370	16.53719
337.25671	16.44040
337.24979	16.34693
337.24841	16.25475
337.25049	16.16727
337.25470	16.07906
337.25269	15.99822
337.24780	15.92409
337.24219	15.85397
337.23801	15.77979
337.23459	15.70019
>   27 OCEAN: 2 PLATE:  5 ID_NO:  1 ALT: NONE  ANOMALY_ID: M16??
337.45349	15.64579
337.44031	15.57151
337.42920	15.49180
337.41739	15.40395
337.40140	15.30929
337.38339	15.20918
337.36740	15.11037
337.35141	15.02035
337.33890	14.94111
337.32639	14.86794
337.31741	14.79340
337.30490	14.71609
337.29309	14.63877
337.27991	14.55872
337.26880	14.47523
337.25769	14.38424
337.25009	14.29525
337.24310	14.20625
337.23691	14.11924
337.22580	14.02879
337.21259	13.94239
337.19870	13.86004
337.18411	13.78173
337.16821	13.69794
337.14941	13.60937
337.13409	13.51804
337.12231	13.42873
>   24 OCEAN: 2 PLATE:  5 ID_NO:  1 ALT: NONE  ANOMALY_ID: M21
338.05960	18.86283
338.04431	18.79118
338.03391	18.72347
338.02911	18.65908
338.02771	18.59333
338.02560	18.52157
338.02219	18.44446
338.01941	18.36731
338.01590	18.29546
338.00690	18.22958
337.99371	18.16431
337.97559	18.08835
337.96451	18.00172
337.95001	17.90901
337.94370	17.82298
337.93399	17.74288
337.93121	17.66543
337.92151	17.58793
337.91391	17.50571
337.90631	17.41747
337.90210	17.32180
337.89371	17.22676
337.88260	17.15379
337.86600	17.12297
>   18 OCEAN: 2 PLATE:  5 ID_NO:  1 ALT: NONE  ANOMALY_ID: M21
338.54810	12.97598
338.52380	12.90147
338.50220	12.83037
338.48279	12.76333
338.46619	12.69972
338.44949	12.63677
338.43210	12.57108
338.41269	12.49783
338.39389	12.41565
338.37799	12.32935
338.36411	12.24576
338.35019	12.16968
338.33701	12.09633
338.32791	12.01952
338.31961	11.93584
338.31061	11.85144
338.29599	11.77457
338.27939	11.70591
>   16 OCEAN: 2 PLATE:  5 ID_NO:  1 ALT: NONE  ANOMALY_ID: M21??
338.07819	20.99123
338.05310	20.86684
338.01489	20.72202
337.99130	20.63675
337.97189	20.55343
337.96420	20.47927
337.96701	20.41231
337.97681	20.34730
337.97751	20.28027
337.97540	20.20860
337.96219	20.13360
337.96011	20.05991
337.95181	19.99737
337.93439	19.89854
337.92679	19.80032
337.97198	19.74960
>    7 OCEAN: 2 PLATE:  5 ID_NO:  1 ALT: NONE  ANOMALY_ID: M21??
338.21579	19.78551
338.19421	19.72216
338.17410	19.65615
338.15610	19.58814
338.14221	19.51814
338.12970	19.45141
338.10339	19.32777
>    8 OCEAN: 2 PLATE:  5 ID_NO:  1 ALT: NONE  ANOMALY_ID: M21??
338.14111	17.18959
338.13281	17.11658
338.12241	17.04153
338.10919	16.96377
338.09531	16.88799
338.07932	16.81216
338.06339	16.73832
338.04739	16.66447
>   11 OCEAN: 2 PLATE:  5 ID_NO:  1 ALT: NONE  ANOMALY_ID: M21??
338.33511	16.64066
338.30731	16.53581
338.28369	16.43900
338.26559	16.34953
338.25241	16.26611
338.23849	16.18399
338.22321	16.10452
338.20450	16.02637
338.18640	15.95493
338.16699	15.88953
338.14761	15.82883
>   24 OCEAN: 2 PLATE:  5 ID_NO:  1 ALT: NONE  ANOMALY_ID: M21??
338.45389	15.84135
338.44910	15.75635
338.44141	15.67807
338.43039	15.60652
338.41650	15.53561
338.40189	15.46399
338.38940	15.38963
338.37689	15.31325
338.36441	15.23343
338.35120	15.15495
338.33731	15.08118
338.32199	15.01210
338.30399	14.94436
338.28870	14.87660
338.27899	14.80882
338.27341	14.73833
338.26859	14.65968
338.26230	14.57284
338.25540	14.48054
338.24640	14.38956
338.23529	14.29855
338.22281	14.20885
338.21030	14.11707
338.19781	14.02459
>    8 OCEAN: 2 PLATE:  5 ID_NO:  1 ALT: NONE  ANOMALY_ID: M21??
337.97891	14.08552
337.95529	13.96305
337.94070	13.85551
337.93521	13.76702
337.92270	13.68802
337.90530	13.61375
337.88800	13.53944
337.87900	13.46651
>   17 OCEAN: 2 PLATE:  5 ID_NO:  1 ALT: NONE  ANOMALY_ID: M25
339.67270	20.76337
339.65671	20.68929
339.64420	20.61452
339.63519	20.54169
339.62689	20.47014
339.61230	20.39395
339.58939	20.30851
339.56161	20.21974
339.53311	20.12828
339.50531	20.03609
339.47681	19.93795
339.44839	19.84500
339.42130	19.75928
339.39771	19.68208
339.37689	19.61012
339.35880	19.54211
339.34149	19.47801
>   20 OCEAN: 2 PLATE:  5 ID_NO:  1 ALT: NONE  ANOMALY_ID: M25
340.09271	12.74420
340.07251	12.67920
340.05441	12.60940
340.03500	12.53410
340.01279	12.45262
339.98499	12.37659
339.95651	12.30670
339.92801	12.24296
339.90231	12.17715
339.87939	12.10995
339.85999	12.03794
339.83911	11.96384
339.81689	11.88493
339.79190	11.80393
339.76620	11.72015
339.74051	11.63774
339.71619	11.56148
339.69891	11.49207
339.68289	11.42679
339.66760	11.36148
>   13 OCEAN: 2 PLATE:  5 ID_NO:  1 ALT: NONE  ANOMALY_ID: M25??
339.65421	18.51230
339.64029	18.43981
339.62439	18.36532
339.60840	18.28879
339.58960	18.21356
339.57220	18.13562
339.54999	18.05564
339.52640	17.97366
339.50000	17.89494
339.47571	17.81420
339.45001	17.72739
339.42221	17.62854
339.39169	17.52229
>   11 OCEAN: 2 PLATE:  5 ID_NO:  1 ALT: NONE  ANOMALY_ID: M25??
339.64182	17.57672
339.62930	17.47510
339.61121	17.36741
339.58621	17.25294
339.56119	17.13976
339.53830	17.02583
339.51889	16.91521
339.49869	16.80585
339.47650	16.70247
339.45499	16.60576
339.43561	16.51505
>    9 OCEAN: 2 PLATE:  5 ID_NO:  1 ALT: NONE  ANOMALY_ID: M25??
339.60449	16.38216
339.58011	16.30006
339.55511	16.22063
339.52869	16.14386
339.50089	16.06436
339.47379	15.98349
339.45169	15.89989
339.43500	15.81693
339.42319	15.73328
>   32 OCEAN: 2 PLATE:  5 ID_NO:  1 ALT: NONE  ANOMALY_ID: M25??
339.91721	15.66103
339.89359	15.55769
339.87201	15.45905
339.85330	15.36441
339.83109	15.27448
339.80740	15.18720
339.78311	15.10802
339.76089	15.03420
339.74219	14.96648
339.72409	14.89738
339.70889	14.82758
339.69220	14.75503
339.67691	14.68517
339.66019	14.61733
339.64639	14.55084
339.63040	14.47617
339.60880	14.38992
339.57901	14.29275
339.54489	14.19759
339.51440	14.11123
339.48590	14.03233
339.46091	13.95338
339.43591	13.87034
339.41440	13.78658
339.39420	13.70280
339.37479	13.61832
339.35681	13.53585
339.33939	13.45675
339.32339	13.38377
339.30539	13.31281
339.28659	13.24525
339.26721	13.17971
>   20 OCEAN: 2 PLATE:  5 ID_NO:  1 ALT: NONE  ANOMALY_ID: M4
335.74570	20.97662
335.72900	20.84370
335.72281	20.77493
335.72141	20.70351
335.71729	20.63336
335.71310	20.56251
335.70831	20.49162
335.70691	20.41547
335.71179	20.34059
335.71881	20.26173
335.72711	20.17888
335.73050	20.09007
335.72989	20.00187
335.72430	19.92218
335.71530	19.84705
335.70279	19.77385
335.68610	19.69202
335.66809	19.60688
335.65210	19.52235
335.63959	19.44373
>   20 OCEAN: 2 PLATE:  5 ID_NO:  1 ALT: NONE  ANOMALY_ID: M4
335.77090	19.28323
335.76260	19.19653
335.75711	19.11046
335.75360	19.02766
335.74881	18.94616
335.74179	18.87323
335.73001	18.74386
335.72791	18.67814
335.72519	18.60776
335.72171	18.53734
335.71619	18.46623
335.71130	18.39574
335.70511	18.32456
335.70020	18.24869
335.69601	18.16612
335.69669	18.07420
335.69821	17.98557
335.70090	17.90558
335.70160	17.83823
335.70230	17.77617
>   14 OCEAN: 2 PLATE:  5 ID_NO:  1 ALT: NONE  ANOMALY_ID: M4
336.12811	13.37836
336.10861	13.30536
336.09549	13.23370
336.08780	13.16407
336.07950	13.09579
336.06699	13.02473
336.05170	12.95231
336.03922	12.87782
336.03021	12.80535
336.02261	12.72945
336.01208	12.65010
335.99619	12.56660
335.97400	12.48309
335.94690	12.40022
>   22 OCEAN: 2 PLATE:  5 ID_NO:  1 ALT: NONE  ANOMALY_ID: M4??
335.95871	17.72843
335.94901	17.65428
335.93860	17.58280
335.92950	17.51196
335.92050	17.43640
335.91571	17.35346
335.91089	17.26579
335.90601	17.17876
335.89490	17.09704
335.87961	17.02064
335.86292	16.94890
335.84970	16.87645
335.84140	16.80466
335.83240	16.73083
335.81989	16.65697
335.80121	16.58038
335.78171	16.50309
335.76300	16.42779
335.74771	16.35447
335.73450	16.28181
335.72620	16.20846
335.72131	16.13508
>   29 OCEAN: 2 PLATE:  5 ID_NO:  1 ALT: NONE  ANOMALY_ID: M4??
336.07779	16.03854
336.07220	15.95631
336.06741	15.86800
336.06390	15.76819
336.06180	15.66562
336.06039	15.56639
336.06180	15.48199
336.06180	15.40699
336.06180	15.33805
336.05771	15.26637
336.05490	15.19129
336.05081	15.10942
336.04520	15.02548
336.03760	14.94083
336.02789	14.85953
336.01819	14.77616
336.00360	14.68868
335.98761	14.60118
335.97159	14.52110
335.96191	14.45187
335.95850	14.38533
335.95639	14.31741
335.95361	14.24404
335.94601	14.16928
335.93701	14.09245
335.92380	14.01763
335.90921	13.94619
335.89111	13.87880
335.87170	13.81345
>    6 OCEAN: 3 PLATE:  4 ID_NO:  1 ALT: NONE  ANOMALY_ID: 1
316.14429	12.52261
316.14160	12.45967
316.13470	12.39533
316.12430	12.32892
316.10980	12.26248
316.09451	12.19603
>   16 OCEAN: 3 PLATE:  4 ID_NO:  1 ALT: NONE  ANOMALY_ID: 1
316.31360	12.11007
316.30109	12.04564
316.29010	11.97775
316.28250	11.90645
316.27490	11.82758
316.27081	11.74456
316.26669	11.65672
316.26260	11.57159
316.25079	11.48987
316.23349	11.40948
316.21341	11.32701
316.19611	11.24177
316.18149	11.15994
316.16910	11.08566
316.16150	11.01824
316.15811	10.95427
>   12 OCEAN: 3 PLATE:  4 ID_NO:  1 ALT: NONE  ANOMALY_ID: 1
319.21790	10.68048
319.20959	10.59850
319.20410	10.51856
319.19580	10.45033
319.19650	10.35452
319.19531	10.22421
319.19461	10.13246
319.19821	10.03584
319.20169	9.93579
319.20871	9.83707
319.20471	9.75489
319.16241	9.66849
>    7 OCEAN: 3 PLATE:  4 ID_NO:  1 ALT: NONE  ANOMALY_ID: 1
320.20731	9.48981
320.21289	9.40133
320.21161	9.31559
320.21030	9.23743
320.21390	9.16756
320.22159	9.10393
320.22650	9.04165
>   12 OCEAN: 3 PLATE:  4 ID_NO:  1 ALT: NONE  ANOMALY_ID: 1
321.76581	8.82608
321.76031	8.71107
321.75549	8.60992
321.75281	8.52259
321.75150	8.43871
321.75159	8.34718
321.75089	8.24801
321.75031	8.14603
321.75040	8.05376
321.75049	7.97256
321.74771	7.90175
321.74149	7.83370
>    5 OCEAN: 3 PLATE:  4 ID_NO:  1 ALT: NONE  ANOMALY_ID: 1
323.92511	7.82478
323.91690	7.73380
323.91071	7.64697
323.90311	7.56777
323.89410	7.49341
>    8 OCEAN: 3 PLATE:  4 ID_NO:  1 ALT: NONE  ANOMALY_ID: 1
325.83359	7.56538
325.82391	7.48615
325.81979	7.40900
325.82339	7.33464
325.83319	7.26166
325.84579	7.18449
325.85901	7.09968
325.87161	7.00857
>    7 OCEAN: 3 PLATE:  4 ID_NO:  1 ALT: NONE  ANOMALY_ID: 1
326.60999	6.99101
326.60660	6.87479
326.60309	6.76623
326.60529	6.67158
326.61441	6.59152
326.62631	6.52261
326.63531	6.45857
>   32 OCEAN: 3 PLATE:  4 ID_NO:  1 ALT: NONE  ANOMALY_ID: 1
327.04211	6.37146
327.04221	6.27951
327.04431	6.19450
327.05130	6.11717
327.06110	6.04819
327.07370	5.98200
327.08350	5.91788
327.08981	5.85235
327.09470	5.78680
327.10172	5.72057
327.11011	5.65364
327.11710	5.58318
327.12201	5.50786
327.12979	5.42833
327.14029	5.34811
327.15421	5.27204
327.16611	5.19878
327.17590	5.12620
327.18359	5.05151
327.19131	4.97750
327.19958	4.90559
327.20871	4.83577
327.21579	4.76594
327.22351	4.69330
327.22910	4.61786
327.24020	4.53893
327.25070	4.46139
327.26190	4.38103
327.26620	4.30066
327.26831	4.21398
327.27051	4.12591
327.27539	4.03503
>   35 OCEAN: 3 PLATE:  4 ID_NO:  1 ALT: NONE  ANOMALY_ID: 1
328.53931	4.01195
328.53180	3.83012
328.53119	3.68254
328.53690	3.57203
328.54529	3.48248
328.55020	3.39992
328.55231	3.32296
328.55649	3.25160
328.56561	3.18024
328.57819	3.10816
328.58871	3.03400
328.59509	2.96401
328.59930	2.89751
328.60281	2.83101
328.60770	2.76100
328.61609	2.68469
328.62381	2.60770
328.62939	2.52647
328.63089	2.44175
328.63159	2.34930
328.63101	2.25055
328.62619	2.15108
328.62140	2.05299
328.62149	1.96404
328.62640	1.88139
328.63281	1.80434
328.63559	1.72376
328.63641	1.63898
328.63159	1.55349
328.62469	1.47361
328.61780	1.40002
328.61780	1.32925
328.62210	1.25567
328.63120	1.17510
328.64169	1.08820
>    8 OCEAN: 3 PLATE:  4 ID_NO:  1 ALT: NONE  ANOMALY_ID: 1
331.41959	1.07388
331.43289	0.98631
331.44061	0.90432
331.44211	0.82793
331.44351	0.75504
331.44919	0.68143
331.46109	0.60716
331.47641	0.53149
>   22 OCEAN: 3 PLATE:  4 ID_NO:  1 ALT: NONE  ANOMALY_ID: 1
334.62970	0.66288
334.64090	0.58229
334.65341	0.49750
334.66809	0.40710
334.68549	0.31742
334.70370	0.23193
334.72391	0.15557
334.74341	0.08340
334.76501	0.01264
334.78531	-0.06233
334.80829	-0.14150
334.83130	-0.22698
334.85641	-0.32017
334.88080	-0.41685
334.90729	-0.51284
334.93311	-0.59762
334.95401	-0.67467
334.96860	-0.74894
334.97980	-0.82883
334.99380	-0.91781
335.01129	-1.01170
335.03149	-1.10909
>   23 OCEAN: 3 PLATE:  4 ID_NO:  1 ALT: NONE  ANOMALY_ID: 1
343.43939	0.34312
343.43799	0.24990
343.44019	0.16228
343.44650	0.07958
343.45291	0.00320
343.46130	-0.07110
343.47180	-0.14819
343.48849	-0.23159
343.50870	-0.32617
343.53040	-0.42007
343.54779	-0.51185
343.56390	-0.59594
343.57990	-0.67791
343.60089	-0.75918
343.62250	-0.83765
343.64691	-0.91540
343.66711	-0.99107
343.68729	-1.07302
343.70679	-1.15990
343.73120	-1.25307
343.75562	-1.34062
343.78000	-1.42258
343.80371	-1.49821
>   19 OCEAN: 3 PLATE:  4 ID_NO:  1 ALT: NONE  ANOMALY_ID: 1
346.75031	-1.03922
346.75870	-1.13032
346.76709	-1.22070
346.78040	-1.30898
346.78949	-1.40006
346.80420	-1.48483
346.81879	-1.56398
346.84039	-1.63893
346.86200	-1.71665
346.88571	-1.80068
346.91019	-1.88751
346.93661	-1.97504
346.96310	-2.05977
346.98679	-2.13958
347.00629	-2.22079
347.02380	-2.30342
347.04120	-2.39304
347.06149	-2.48405
347.08310	-2.57714
>   32 OCEAN: 3 PLATE:  4 ID_NO:  1 ALT: NONE  ANOMALY_ID: 1
315.01590	15.34207
315.00562	15.21429
314.99591	15.13922
314.98349	15.05328
314.97449	14.95988
314.96689	14.86237
314.95789	14.76619
314.94131	14.67265
314.92609	14.58585
314.91571	14.50037
314.91089	14.41964
314.90680	14.33819
314.90060	14.25806
314.89651	14.17383
314.89182	14.08685
314.88629	14.00187
314.87451	13.91753
314.85861	13.83860
314.84341	13.75761
314.83020	13.67726
314.81699	13.59007
314.79910	13.49739
314.77969	13.40196
314.76239	13.30581
314.74991	13.21577
314.73959	13.12773
314.72919	13.04514
314.71890	12.96319
314.70920	12.88599
314.70300	12.81425
314.69751	12.74864
314.69269	12.68645
>   16 OCEAN: 3 PLATE:  4 ID_NO:  1 ALT: NONE  ANOMALY_ID: 1
316.57010	12.13515
316.55911	12.03371
316.55151	11.94390
316.54459	11.86436
316.53561	11.78751
316.52109	11.70654
316.50720	11.62554
316.49481	11.54862
316.48581	11.47375
316.47681	11.39889
316.46860	11.31368
316.46030	11.22295
316.44781	11.12460
316.43539	11.03519
316.42499	10.95332
316.42090	10.88038
>   52 OCEAN: 3 PLATE:  4 ID_NO:  1 ALT: NONE  ANOMALY_ID: 1
347.56931	-2.80212
347.58801	-2.87865
347.60461	-2.95940
347.61990	-3.04293
347.63440	-3.12646
347.65311	-3.20576
347.67181	-3.28227
347.69040	-3.35947
347.70432	-3.43881
347.71750	-3.52650
347.72989	-3.60236
347.74371	-3.67330
347.77951	-3.81301
347.80240	-3.90127
347.82681	-3.99787
347.84561	-4.08823
347.86499	-4.17650
347.88370	-4.25919
347.90302	-4.33769
347.91760	-4.42039
347.93500	-4.51630
347.95529	-4.62538
347.98190	-4.73788
348.00571	-4.84272
348.03000	-4.93433
348.05640	-5.01824
348.08621	-5.09934
348.11951	-5.18594
348.15079	-5.28020
348.18149	-5.38210
348.21078	-5.48123
348.23990	-5.56852
348.26691	-5.64609
348.29120	-5.72437
348.31131	-5.80824
348.33069	-5.89488
348.33829	-5.97328
348.34109	-6.06979
348.37439	-6.15208
348.36249	-6.22580
348.38260	-6.30612
348.40121	-6.37742
348.42551	-6.46183
348.45599	-6.53577
348.48151	-6.59934
348.50781	-6.68439
348.53409	-6.76043
348.56451	-6.82391
348.59619	-6.88530
348.62869	-6.95222
348.64828	-7.06014
348.67249	-7.12921
>    9 OCEAN: 3 PLATE:  4 ID_NO:  1 ALT: NONE  ANOMALY_ID: 1
346.27191	-7.70136
346.31259	-7.83723
346.35031	-7.95721
346.38870	-8.06194
346.41721	-8.15291
346.44559	-8.24179
346.46719	-8.32588
346.49130	-8.39611
346.52151	-8.42690
>    5 OCEAN: 3 PLATE:  4 ID_NO:  1 ALT: NONE  ANOMALY_ID: 1
346.24091	-8.49805
346.26810	-8.60133
346.29239	-8.68947
346.32651	-8.78369
346.33099	-8.82642
>    9 OCEAN: 3 PLATE:  4 ID_NO:  1 ALT: NONE  ANOMALY_ID: 1
346.50610	-8.84333
346.53979	-8.97335
346.57120	-9.08130
346.59689	-9.16517
346.61829	-9.24215
346.63770	-9.31501
346.65979	-9.38782
346.68729	-9.45300
346.71771	-9.51744
>    5 OCEAN: 3 PLATE:  4 ID_NO:  1 ALT: NONE  ANOMALY_ID: 1
346.85629	-9.65858
346.86301	-9.80370
346.86960	-9.92471
346.87869	-10.02228
346.89120	-10.11017
>    8 OCEAN: 3 PLATE:  4 ID_NO:  1 ALT: NONE  ANOMALY_ID: 13
310.40491	15.02435
310.35141	14.92881
310.30289	14.83664
310.26331	14.75123
310.23279	14.67053
310.21201	14.59254
310.19958	14.51521
310.19269	14.43855
>   32 OCEAN: 3 PLATE:  4 ID_NO:  1 ALT: NONE  ANOMALY_ID: 13
342.61081	-5.35264
342.63541	-5.47959
342.65430	-5.58436
342.67099	-5.67177
342.69110	-5.75008
342.71600	-5.83182
342.74020	-5.90799
342.76379	-5.98485
342.78519	-6.06448
342.80811	-6.15176
342.82690	-6.24043
342.84698	-6.32560
342.86581	-6.40661
342.88651	-6.48690
342.90250	-6.56930
342.91489	-6.65311
342.92389	-6.73625
342.93640	-6.81587
342.94601	-6.89481
342.95151	-6.97239
342.94659	-7.05145
342.94449	-7.13048
342.94650	-7.20943
342.95340	-7.28834
342.95471	-7.36381
342.95111	-7.44140
342.94760	-7.51829
342.95169	-7.59715
342.95990	-7.67043
342.97089	-7.74091
342.97650	-7.83218
342.98059	-7.81485
>   33 OCEAN: 3 PLATE:  4 ID_NO:  1 ALT: NONE  ANOMALY_ID: 21
339.77319	-5.94995
339.77371	-6.01869
339.77499	-6.09089
339.77560	-6.16656
339.78110	-6.24564
339.78391	-6.32683
339.78519	-6.41148
339.79010	-6.49400
339.79831	-6.57440
339.81421	-6.65054
339.82449	-6.72465
339.83270	-6.79531
339.83469	-6.86809
339.84161	-6.94497
339.85339	-7.02664
339.86859	-7.10272
339.88159	-7.17464
339.89050	-7.24729
339.89609	-7.33313
339.89899	-7.42865
339.90030	-7.51104
339.90121	-7.61417
339.90839	-7.74281
339.91049	-7.82719
339.91049	-7.91019
339.90839	-7.99390
339.90771	-8.07825
339.90701	-8.16122
339.90759	-8.24483
339.91180	-8.32840
339.92081	-8.41328
339.93259	-8.49467
339.94431	-8.57260
>   20 OCEAN: 3 PLATE:  4 ID_NO:  1 ALT: NONE  ANOMALY_ID: 3
345.82550	-8.12282
345.84439	-8.22491
345.85831	-8.31391
345.87549	-8.38284
345.91809	-8.49362
345.96420	-8.61745
345.97519	-8.69189
345.98621	-8.76563
346.00070	-8.83588
346.04541	-8.95962
346.06271	-9.03048
346.08209	-9.11440
346.10229	-9.20518
346.12039	-9.29460
346.13071	-9.37855
346.14111	-9.45560
346.15491	-9.53328
346.17221	-9.61711
346.19031	-9.71191
346.20789	-9.81361
>    7 OCEAN: 3 PLATE:  4 ID_NO:  1 ALT: NONE  ANOMALY_ID: 30
336.46561	-6.37641
336.47171	-6.44711
336.47861	-6.52614
336.48560	-6.61624
336.49130	-6.72091
336.49011	-6.83534
336.48279	-6.95675
>    7 OCEAN: 3 PLATE:  4 ID_NO:  1 ALT: NONE  ANOMALY_ID: 33
334.49039	-6.24607
334.49969	-6.36327
334.50461	-6.46175
334.50601	-6.54500
334.50809	-6.62337
334.51489	-6.70583
334.52600	-6.78896
>   17 OCEAN: 3 PLATE:  4 ID_NO:  1 ALT: NONE  ANOMALY_ID: 34
332.08630	-6.38235
332.08990	-6.48083
332.08719	-6.58006
332.08041	-6.67516
332.07480	-6.75774
332.07751	-6.83330
332.08640	-6.90878
332.09470	-6.99396
332.09891	-7.08192
332.09750	-7.16925
332.09821	-7.24960
332.09750	-7.32857
332.09601	-7.40753
332.09189	-7.49550
332.08359	-7.58833
332.08221	-7.67695
332.12881	-7.77268
>    6 OCEAN: 3 PLATE:  4 ID_NO:  1 ALT: NONE  ANOMALY_ID: 3??
346.10190	-9.84562
346.10971	-9.95487
346.12030	-10.05859
346.13220	-10.15403
346.14471	-10.23843
346.15570	-10.31528
>   24 OCEAN: 3 PLATE:  4 ID_NO:  1 ALT: NONE  ANOMALY_ID: 5
313.82089	15.32801
313.79871	15.25564
313.78201	15.18599
313.76889	15.11629
313.75220	15.04728
313.72449	14.97483
313.68701	14.89963
313.64261	14.82032
313.59741	14.73827
313.55441	14.65755
313.51630	14.57681
313.47949	14.49401
313.44620	14.40982
313.41769	14.32697
313.40109	14.25021
313.39349	14.17685
313.39429	14.10278
313.40131	14.02667
313.41461	13.94511
313.43549	13.86147
313.45990	13.77647
313.48499	13.69553
313.50519	13.61861
313.52191	13.54441
>   22 OCEAN: 3 PLATE:  4 ID_NO:  1 ALT: NONE  ANOMALY_ID: 5
345.10800	-8.22944
345.11691	-8.30534
345.12521	-8.38333
345.13690	-8.46127
345.15350	-8.53983
345.17429	-8.61626
345.19299	-8.69202
345.20749	-8.76917
345.22198	-8.84906
345.24069	-8.93373
345.26501	-9.02315
345.29211	-9.11322
345.31790	-9.20396
345.34290	-9.29331
345.36591	-9.38609
345.38809	-9.47748
345.40619	-9.56681
345.42349	-9.64788
345.43939	-9.72482
345.45590	-9.79485
345.47751	-9.88683
345.48389	-9.89501
>    9 OCEAN: 3 PLATE:  4 ID_NO:  1 ALT: NONE  ANOMALY_ID: 
332.89059	-6.17448
332.92590	-6.25047
332.96130	-6.33758
332.98981	-6.43582
333.01361	-6.53967
333.03110	-6.64285
333.05341	-6.74390
333.07919	-6.83655
333.10901	-6.92155
>    6 OCEAN: 3 PLATE:  4 ID_NO:  1 ALT: NONE  ANOMALY_ID: 
335.13589	-6.48951
335.16089	-6.58569
335.17761	-6.67015
335.18649	-6.74218
335.18979	-6.80663
335.20190	-6.93201
>   34 OCEAN: 3 PLATE:  5 ID_NO:  2 ALT: NONE  ANOMALY_ID: 1
315.36011	15.28180
315.33441	15.15059
315.32410	15.06940
315.31161	14.97666
315.29501	14.88322
315.28049	14.79922
315.26871	14.72536
315.25970	14.65284
315.24799	14.57620
315.23550	14.49751
315.22241	14.42081
315.21060	14.34818
315.19821	14.27687
315.18781	14.20691
315.18021	14.13555
315.17120	14.06216
315.16089	13.98599
315.14841	13.90845
315.13800	13.82885
315.12631	13.74717
315.11450	13.66477
315.10480	13.58714
315.09799	13.51629
315.09039	13.44882
315.08420	13.38066
315.07800	13.30974
315.07880	13.23949
315.07681	13.16991
315.07611	13.10098
315.06851	13.02863
315.06021	12.95145
315.04840	12.86877
315.03461	12.78609
315.01801	12.70543
>    6 OCEAN: 3 PLATE:  5 ID_NO:  2 ALT: NONE  ANOMALY_ID: 1
316.43839	12.52924
316.41830	12.46149
316.40100	12.39439
316.38989	12.32798
316.38370	12.26225
316.38229	12.19650
>   14 OCEAN: 3 PLATE:  5 ID_NO:  2 ALT: NONE  ANOMALY_ID: 1
319.47440	10.66230
319.46750	10.55894
319.46481	10.46800
319.46689	10.39150
319.47189	10.32050
319.47470	10.24947
319.47549	10.17292
319.47269	10.09634
319.46860	10.01905
319.46170	9.94657
319.45621	9.87476
319.45001	9.80363
319.44241	9.73248
319.43140	9.66270
>    7 OCEAN: 3 PLATE:  5 ID_NO:  2 ALT: NONE  ANOMALY_ID: 1
320.43881	9.50264
320.42780	9.43487
320.42160	9.36295
320.41400	9.28548
320.40359	9.20869
320.38489	9.13325
320.36411	9.06056
>   14 OCEAN: 3 PLATE:  5 ID_NO:  2 ALT: NONE  ANOMALY_ID: 1
321.98480	8.79527
321.98141	8.72599
321.97931	8.65878
321.97800	8.59019
321.97601	8.51741
321.97330	8.43977
321.97189	8.36143
321.97339	8.28375
321.97620	8.20677
321.97980	8.13116
321.98331	8.05484
321.98819	7.97850
321.99310	7.90215
321.99799	7.82788
>    6 OCEAN: 3 PLATE:  5 ID_NO:  2 ALT: NONE  ANOMALY_ID: 1
324.16290	7.83769
324.16580	7.73491
324.16309	7.64529
324.15341	7.56747
324.14230	7.49171
324.13190	7.41248
>    8 OCEAN: 3 PLATE:  5 ID_NO:  2 ALT: NONE  ANOMALY_ID: 1
326.07141	7.54701
326.06180	7.41843
326.05701	7.34892
326.05701	7.27592
326.06201	7.20154
326.07391	7.12993
326.08569	7.06180
326.09689	6.99643
>    9 OCEAN: 3 PLATE:  5 ID_NO:  2 ALT: NONE  ANOMALY_ID: 1
326.79761	6.97253
326.79630	6.90018
326.79568	6.82990
326.79568	6.76238
326.79440	6.69555
326.79169	6.62802
326.78680	6.55908
326.78271	6.49223
326.77930	6.42746
>   30 OCEAN: 3 PLATE:  5 ID_NO:  2 ALT: NONE  ANOMALY_ID: 1
327.26740	6.34676
327.25909	6.24155
327.25571	6.14260
327.25650	6.04922
327.26071	5.96419
327.26559	5.88054
327.27328	5.80105
327.28180	5.72227
327.28949	5.64694
327.29510	5.57372
327.29929	5.49699
327.30499	5.41744
327.31680	5.33304
327.33151	5.25069
327.34750	5.17046
327.35730	5.09507
327.36292	5.02527
327.36371	4.95963
327.36160	4.89539
327.36520	4.82555
327.37500	4.75014
327.38959	4.67123
327.39941	4.59229
327.40509	4.51055
327.40930	4.42461
327.41422	4.33795
327.42050	4.25549
327.43030	4.17861
327.44711	4.10593
327.46939	4.03536
>   34 OCEAN: 3 PLATE:  5 ID_NO:  2 ALT: NONE  ANOMALY_ID: 1
328.77710	3.96201
328.78271	3.85082
328.78491	3.75151
328.78351	3.66338
328.78360	3.58503
328.78641	3.50668
328.79211	3.42693
328.79700	3.34227
328.80270	3.25551
328.80621	3.17293
328.80981	3.09664
328.81189	3.02455
328.81750	2.94827
328.82730	2.86498
328.83710	2.77749
328.84409	2.68788
328.84561	2.59685
328.84491	2.50372
328.84149	2.41478
328.83810	2.33002
328.83539	2.24528
328.83691	2.15423
328.84109	2.06036
328.84610	1.97002
328.84961	1.88386
328.85110	1.79768
328.85529	1.70521
328.85959	1.61343
328.86591	1.52375
328.86731	1.44458
328.86810	1.36819
328.86609	1.29322
328.86609	1.21192
328.86691	1.12641
>    8 OCEAN: 3 PLATE:  5 ID_NO:  2 ALT: NONE  ANOMALY_ID: 1
331.66370	1.07428
331.64981	0.98104
331.64569	0.89764
331.64581	0.82405
331.65350	0.75397
331.65979	0.68250
331.67371	0.60822
331.68909	0.53185
>   25 OCEAN: 3 PLATE:  5 ID_NO:  2 ALT: NONE  ANOMALY_ID: 1
334.84241	0.63800
334.84741	0.56091
334.85370	0.48522
334.86139	0.41233
334.87399	0.34086
334.88931	0.26939
334.90811	0.19794
334.92621	0.12785
334.94089	0.06059
334.95480	-0.00739
334.96951	-0.07675
334.98630	-0.15173
334.99811	-0.22741
335.01141	-0.30659
335.02881	-0.38578
335.05600	-0.46774
335.08521	-0.54900
335.10959	-0.62606
335.12921	-0.70171
335.14520	-0.77740
335.16611	-0.85657
335.18701	-0.93363
335.20450	-1.00648
335.21011	-1.07655
335.20670	-1.14664
>   24 OCEAN: 3 PLATE:  5 ID_NO:  2 ALT: NONE  ANOMALY_ID: 1
343.64590	0.36871
343.67099	0.30495
343.69400	0.23911
343.71689	0.16905
343.74271	0.09338
343.76709	0.01422
343.78729	-0.06425
343.80399	-0.14344
343.82431	-0.22330
343.84799	-0.30878
343.87311	-0.39355
343.89331	-0.48254
343.91211	-0.57293
343.92679	-0.66543
343.94360	-0.75160
343.95761	-0.82938
343.97150	-0.90084
343.98410	-0.97231
343.99939	-1.04658
344.01749	-1.12505
344.04129	-1.20350
344.06290	-1.28054
344.08310	-1.35269
344.09769	-1.42205
>   20 OCEAN: 3 PLATE:  5 ID_NO:  2 ALT: NONE  ANOMALY_ID: 1
347.01300	-0.97572
347.02490	-1.07802
347.03891	-1.17541
347.05710	-1.26578
347.07730	-1.35123
347.09821	-1.43598
347.11841	-1.52775
347.13861	-1.62230
347.16031	-1.72456
347.17981	-1.82402
347.19659	-1.92067
347.21051	-2.00331
347.22589	-2.07754
347.24399	-2.14616
347.26431	-2.21546
347.28381	-2.28478
347.30539	-2.35337
347.32489	-2.42128
347.34161	-2.48708
347.35211	-2.55149
>   51 OCEAN: 3 PLATE:  5 ID_NO:  2 ALT: NONE  ANOMALY_ID: 1
347.84381	-2.74289
347.85849	-2.84527
347.87521	-2.94065
347.89389	-3.02486
347.90979	-3.10000
347.92981	-3.17165
347.94910	-3.24465
347.97131	-3.32252
347.98721	-3.40950
348.00739	-3.50829
348.02911	-3.61121
348.05701	-3.71059
348.08270	-3.80025
348.10699	-3.88570
348.13260	-3.96835
348.16391	-4.05442
348.20349	-4.14737
348.23840	-4.25288
348.26501	-4.36890
348.28110	-4.47805
348.29581	-4.57120
348.31229	-4.64203
348.32401	-4.71220
348.33569	-4.78725
348.34610	-4.87273
348.35989	-4.95470
348.37930	-5.03451
348.39941	-5.11153
348.43121	-5.18771
348.45541	-5.26189
348.48651	-5.32902
348.50989	-5.39623
348.53329	-5.45648
348.54559	-5.52031
348.55099	-5.58628
348.56830	-5.66533
348.59329	-5.75195
348.62531	-5.84125
348.64749	-5.92716
348.66620	-6.00963
348.68631	-6.09692
348.71149	-6.19873
348.74069	-6.29839
348.76639	-6.38213
348.80399	-6.48237
348.84531	-6.61307
348.87091	-6.69535
348.89871	-6.78245
348.92581	-6.87024
348.94589	-6.94907
348.95901	-7.02035
>    7 OCEAN: 3 PLATE:  5 ID_NO:  2 ALT: NONE  ANOMALY_ID: 1
346.46600	-7.75550
346.51019	-7.90514
346.54800	-8.02856
346.58011	-8.12642
346.60709	-8.20979
346.63150	-8.29523
346.65231	-8.38210
>    5 OCEAN: 3 PLATE:  5 ID_NO:  2 ALT: NONE  ANOMALY_ID: 1
346.49030	-8.43964
346.50580	-8.55548
346.52051	-8.65544
346.53851	-8.73603
346.56201	-8.80552
>   10 OCEAN: 3 PLATE:  5 ID_NO:  2 ALT: NONE  ANOMALY_ID: 1
346.73651	-8.75410
346.75449	-8.82914
346.77109	-8.90556
346.78351	-8.98750
346.79459	-9.07497
346.80780	-9.16447
346.82999	-9.24834
346.85910	-9.32248
346.88739	-9.38972
346.91089	-9.45356
>    7 OCEAN: 3 PLATE:  5 ID_NO:  2 ALT: NONE  ANOMALY_ID: 1
347.08691	-9.58817
347.10431	-9.68434
347.11679	-9.77231
347.11890	-9.85073
347.12079	-9.92088
347.12619	-9.98959
347.14069	-10.05822
>    6 OCEAN: 3 PLATE:  5 ID_NO:  2 ALT: NONE  ANOMALY_ID: 13
354.96841	-4.65380
355.00720	-4.82042
355.03479	-4.96139
355.05081	-5.05306
355.06180	-5.13088
355.07880	-5.17244
>   28 OCEAN: 3 PLATE:  5 ID_NO:  2 ALT: NONE  ANOMALY_ID: 13
352.41870	-6.87378
352.47800	-7.08316
352.52661	-7.24622
352.56290	-7.36568
352.59219	-7.46510
352.62000	-7.55968
352.64639	-7.64387
352.67340	-7.71972
352.70319	-7.79483
352.73779	-7.87405
352.77179	-7.95533
352.80579	-8.04142
352.83701	-8.12891
352.86761	-8.21845
352.89191	-8.30321
352.91129	-8.38316
352.92990	-8.45896
352.94720	-8.53406
352.96661	-8.61121
352.98389	-8.69179
353.00330	-8.77166
353.02200	-8.85428
353.04141	-8.94032
353.05960	-9.03668
353.07840	-9.13165
353.09720	-9.22108
353.11801	-9.29945
353.13870	-9.37366
>   12 OCEAN: 3 PLATE:  5 ID_NO:  2 ALT: NONE  ANOMALY_ID: 13??
352.89609	-9.50004
352.91611	-9.57281
352.93750	-9.64832
352.95560	-9.73349
352.97089	-9.83241
352.98221	-9.93479
352.99539	-10.02888
353.01208	-10.11259
353.03281	-10.19210
353.05359	-10.27161
353.06680	-10.34774
353.07220	-10.42050
>   28 OCEAN: 3 PLATE:  5 ID_NO:  2 ALT: NONE  ANOMALY_ID: 21
355.14160	-6.75945
355.14960	-6.89248
355.16370	-7.00116
355.18661	-7.08549
355.21490	-7.16142
355.24200	-7.24360
355.26559	-7.32925
355.28500	-7.41424
355.30579	-7.49641
355.32379	-7.57862
355.33911	-7.66638
355.34961	-7.76175
355.36020	-7.86610
355.37210	-7.97179
355.38470	-8.07056
355.39871	-8.16306
355.41461	-8.24860
355.43329	-8.33271
355.45139	-8.41267
355.46729	-8.49125
355.47971	-8.56777
355.49420	-8.64565
355.50931	-8.70970
355.54541	-8.80182
355.58041	-8.91944
355.60120	-8.99993
355.61719	-9.08389
355.62970	-9.17549
>    9 OCEAN: 3 PLATE:  5 ID_NO:  2 ALT: NONE  ANOMALY_ID: 22
357.62280	-3.78748
357.63550	-3.90232
357.65161	-4.00388
357.67380	-4.09143
357.70291	-4.17403
357.73480	-4.25240
357.76450	-4.32801
357.78448	-4.39883
357.79691	-4.46905
>   42 OCEAN: 3 PLATE:  5 ID_NO:  2 ALT: NONE  ANOMALY_ID: 25
356.39731	-5.98501
356.43011	-6.09023
356.45941	-6.18643
356.48291	-6.27159
356.50299	-6.34843
356.52231	-6.42458
356.53891	-6.50144
356.55399	-6.57552
356.56500	-6.64546
356.58081	-6.71606
356.59399	-6.79427
356.60931	-6.88010
356.62109	-6.97009
356.64261	-7.05929
356.66901	-7.14841
356.70651	-7.23325
356.74051	-7.31673
356.77930	-7.39253
356.81039	-7.46631
356.84500	-7.53797
356.87201	-7.61661
356.90121	-7.69729
356.92542	-7.77454
356.95029	-7.84556
356.97369	-7.91242
356.99649	-7.97997
357.01230	-8.05103
357.02130	-8.12768
357.02820	-8.21056
357.04211	-8.30576
357.05899	-8.41335
357.07800	-8.52921
357.09689	-8.63190
357.12259	-8.72001
357.14890	-8.80463
357.17471	-8.90028
357.19360	-9.00492
357.20551	-9.10272
357.21649	-9.17915
357.24579	-9.28431
357.27710	-9.37425
357.28101	-9.43209
>   21 OCEAN: 3 PLATE:  5 ID_NO:  2 ALT: NONE  ANOMALY_ID: 3
347.18311	-7.59270
347.21259	-7.79996
347.24091	-7.95393
347.27011	-8.05116
347.29230	-8.12423
347.31790	-8.19862
347.33801	-8.28342
347.35950	-8.36749
347.37189	-8.45441
347.38791	-8.53506
347.40659	-8.62118
347.43369	-8.70718
347.46078	-8.80216
347.48651	-8.87712
347.51501	-8.97547
347.53741	-9.08834
347.55051	-9.16060
347.56219	-9.23011
347.57321	-9.30029
347.58490	-9.37115
347.59799	-9.44061
>   17 OCEAN: 3 PLATE:  5 ID_NO:  2 ALT: NONE  ANOMALY_ID: 3
347.63370	-9.99150
347.65439	-10.07104
347.67310	-10.14783
347.68759	-10.22466
347.69870	-10.30630
347.71399	-10.39887
347.73709	-10.50095
347.77200	-10.61181
347.80759	-10.72124
347.84030	-10.82380
347.86331	-10.91477
347.88211	-11.00096
347.89529	-11.08853
347.90561	-11.16653
347.91400	-11.25961
347.92801	-11.35873
347.93909	-11.43325
>   34 OCEAN: 3 PLATE:  5 ID_NO:  2 ALT: NONE  ANOMALY_ID: 31
357.96741	-6.23814
358.00229	-6.35646
358.03439	-6.45885
358.06421	-6.54598
358.09610	-6.61781
358.12100	-6.69455
358.13901	-6.77481
358.15991	-6.87029
358.19049	-6.96772
358.21829	-7.05755
358.23621	-7.12528
358.26208	-7.24004
358.28979	-7.31941
358.33020	-7.41457
358.37051	-7.50972
358.40530	-7.59937
358.42679	-7.68221
358.43851	-7.76166
358.45300	-7.84247
358.47171	-7.92251
358.49670	-8.00179
358.50980	-8.07495
358.52280	-8.14119
358.54099	-8.25091
358.57730	-8.35694
358.59381	-8.42655
358.61179	-8.50856
358.62369	-8.60235
358.63971	-8.69399
358.65909	-8.77802
358.68140	-8.86542
358.70081	-8.95145
358.71539	-9.02926
358.72751	-9.07671
>   10 OCEAN: 3 PLATE:  5 ID_NO:  2 ALT: NONE  ANOMALY_ID: 33
358.94400	-5.71590
358.97510	-5.87327
359.00391	-6.00565
359.03448	-6.10883
359.07211	-6.19385
359.11429	-6.27534
359.15530	-6.35614
359.19061	-6.43837
359.22198	-6.53659
359.21899	-6.50680
>   12 OCEAN: 3 PLATE:  5 ID_NO:  2 ALT: NONE  ANOMALY_ID: 33
359.61581	-7.68155
359.61951	-7.79565
359.62799	-7.90485
359.64340	-8.00706
359.66019	-8.10645
359.67490	-8.20307
359.68399	-8.29766
359.69241	-8.39153
359.70279	-8.48259
359.71671	-8.57154
359.73059	-8.65356
359.74301	-8.73146
>    5 OCEAN: 3 PLATE:  5 ID_NO:  2 ALT: NONE  ANOMALY_ID: 3??
347.68530	-9.43353
347.71039	-9.61710
347.73169	-9.76350
347.74719	-9.86520
347.75821	-9.94077
>   11 OCEAN: 3 PLATE:  5 ID_NO:  2 ALT: NONE  ANOMALY_ID: 5
316.48029	14.96705
316.45181	14.89726
316.42130	14.82611
316.38730	14.75358
316.35391	14.67899
316.32129	14.60300
316.29080	14.52564
316.26031	14.44690
316.23260	14.36813
316.20621	14.29071
316.18051	14.21598
>   18 OCEAN: 3 PLATE:  5 ID_NO:  2 ALT: NONE  ANOMALY_ID: 5
348.11411	-7.60841
348.13751	-7.76385
348.15869	-7.89163
348.17551	-7.99313
348.19910	-8.08139
348.22409	-8.16687
348.25461	-8.24397
348.28571	-8.31553
348.30780	-8.38646
348.32571	-8.46088
348.33261	-8.52780
348.35690	-8.62286
348.39240	-8.72190
348.42111	-8.82996
348.46069	-8.91719
348.49100	-8.98103
348.51599	-9.06422
348.53891	-9.15226
>   18 OCEAN: 3 PLATE:  5 ID_NO:  2 ALT: NONE  ANOMALY_ID: 5
348.40201	-9.98396
348.41190	-10.09039
348.42590	-10.18992
348.44751	-10.28934
348.47470	-10.38592
348.50391	-10.48450
348.53040	-10.57555
348.55679	-10.66039
348.58029	-10.74180
348.60040	-10.82049
348.61490	-10.89988
348.62671	-10.97791
348.63910	-11.05866
348.65439	-11.13866
348.67239	-11.21863
348.68881	-11.27873
348.70670	-11.34361
348.70691	-11.36414
>    5 OCEAN: 3 PLATE:  5 ID_NO:  2 ALT: NONE  ANOMALY_ID: 5??
348.67691	-9.21915
348.70181	-9.37390
348.72290	-9.49701
348.74240	-9.59046
348.76181	-9.67083
>   20 OCEAN: 3 PLATE:  5 ID_NO:  2 ALT: NONE  ANOMALY_ID: 6
349.43390	-7.03435
349.45401	-7.20943
349.47250	-7.35262
349.49081	-7.46326
349.50479	-7.56004
349.52640	-7.65533
349.55621	-7.74430
349.59720	-7.82830
349.63531	-7.90747
349.66510	-7.98947
349.68240	-8.07090
349.69559	-8.15510
349.71631	-8.23368
349.75031	-8.31213
349.78699	-8.38569
349.81400	-8.46415
349.83060	-8.54064
349.84930	-8.61779
349.87411	-8.69211
349.90390	-8.76636
>   20 OCEAN: 3 PLATE:  5 ID_NO:  2 ALT: NONE  ANOMALY_ID: 6
349.80380	-9.50568
349.82739	-9.60250
349.85800	-9.69718
349.89828	-9.78695
349.94269	-9.86839
349.98709	-9.94911
350.02939	-10.03327
350.06900	-10.11813
350.10510	-10.19955
350.13489	-10.27484
350.16040	-10.34810
350.18460	-10.41859
350.20941	-10.48770
350.23431	-10.55542
350.25781	-10.62176
350.28339	-10.69218
350.31311	-10.76667
350.34781	-10.85205
350.38049	-10.94292
350.40970	-11.03930
>   18 OCEAN: 3 PLATE:  5 ID_NO:  2 ALT: NONE  ANOMALY_ID: 8
351.14459	-9.21965
351.15579	-9.31670
351.16971	-9.40611
351.18839	-9.48928
351.21069	-9.57995
351.23999	-9.68360
351.27280	-9.79887
351.30841	-9.90448
351.34109	-9.99564
351.37219	-10.07027
351.39981	-10.14011
351.42331	-10.20723
351.44470	-10.27917
351.46829	-10.35793
351.49881	-10.44484
351.53140	-10.53171
351.56201	-10.61720
351.58771	-10.70068
>    9 OCEAN: 3 PLATE:  5 ID_NO:  2 ALT: NONE  ANOMALY_ID: 
356.41251	-3.99393
356.45361	-4.10078
356.48981	-4.20073
356.52109	-4.29164
356.55301	-4.37837
356.58759	-4.45670
356.62009	-4.52808
356.64499	-4.59258
356.66150	-4.65576
