249.00 -36.25
249.40 -36.30
248.75 -38.40
248.50 -38.40
247.60 -41.25
248.60 -41.50
247.25 -46.00
247.35 -46.05
246.20 -49.85
243.50 -49.30
240.50 -54.30
239.50 -54.05
238.40 -55.85
232.25 -54.50
231.70 -55.20
222.75 -53.15
219.60 -56.90
215.40 -55.60
213.25 -57.60
212.70 -57.45
209.65 -59.60
208.70 -59.40
203.60 -61.90
203.00 -61.75
200.40 -63.30
198.50 -62.60
196.50 -63.45
194.80 -62.65
190.60 -64.20
189.90 -63.90
188.80 -64.40
188.05 -64.15
183.80 -65.60
182.40 -64.85
180.30 -65.50
177.10 -63.90
175.50 -64.45
173.25 -63.30
