# Data and information from Smith, D. E., and M. T. Zuber (1996), The shape of
# Mars and the topographic signature of the hemispheric dichotomy, Science, 271, 184–187.
# Courtesy of Gregory Neumann, MIT/NASA-GSFC
# lon lat radius(m)
-81.7690 -40.0590 3393858.000
-57.6400 15.4870 3394177.000
57.1090 -60.5740 3384053.000
82.2650 -62.6160 3383550.000
-27.4600 -53.0180 3386322.000
-12.4380 -51.7530 3387199.000
2.6850 -50.4640 3387763.000
17.8800 -49.1590 3388800.000
171.0900 29.9160 3388056.000
63.8220 -45.2240 3381886.000
-138.2000 29.8430 3391287.000
110.8300 -41.1390 3391859.000
-87.1050 29.7550 3392835.000
126.7800 -39.7600 3391638.000
-69.9410 29.6960 3391702.000
142.7600 -38.3660 3393000.000
-52.7740 29.6580 3388566.000
158.7400 -36.9880 3391339.000
174.6900 -35.6220 3390786.000
-18.7420 29.4980 3387419.000
-169.3800 -34.2610 3392681.000
-1.8500 29.4160 3389347.000
-153.4400 -32.9160 3391943.000
15.0000 29.3300 3389698.000
31.8540 29.2420 3391163.000
112.4200 13.4120 3393846.000
162.9600 16.5280 3393144.000
-11.8590 22.5560 3391394.000
-79.9430 23.1870 3394971.000
-63.1110 24.1220 3393186.000
122.6200 20.6310 3390198.000
63.7210 32.5800 3392021.000
112.8800 36.4850 3385888.000
123.0100 37.2240 3385757.000
-51.9690 16.2590 3392058.000
133.2500 37.9430 3385875.000
-126.1100 45.5900 3386268.000
20.2890 42.0980 3385013.000
-173.7600 -26.9950 3394189.000
49.1590 41.4960 3388285.000
-144.3700 -27.6080 3395491.000
58.8000 41.3130 3386731.000
-134.5700 -27.7990 3394349.000
68.4420 41.1290 3385905.000
-124.7600 -28.0110 3394700.000
173.9000 39.2000 3384514.000
-167.8200 38.9190 3384423.000
-158.7100 38.8000 3384844.000
-140.3500 38.5750 3388247.000
-102.7700 38.3030 3393992.000
-83.8230 38.1290 3390923.000
-36.9120 37.9170 3385547.000
18.2030 37.6900 3387715.000
27.3360 37.6840 3388562.000
45.5880 37.6870 3390020.000
91.2120 37.6420 3385941.000
137.2800 37.7820 3385498.000
164.5100 37.8270 3388719.000
-42.7050 38.6120 3388790.000
94.7750 38.6190 3385392.000
104.2100 38.5750 3384785.000
123.2400 38.4620 3385099.000
170.2000 38.3430 3384937.000
-144.1500 37.6190 3385543.000
-115.8400 37.2990 3395167.000
-106.2700 37.1740 3394617.000
67.4900 -38.1460 3383436.000
18.9160 35.0360 3388633.000
-59.2440 27.4810 3392174.000
-49.3260 27.1410 3388215.000
-39.4040 26.8150 3389103.000
19.6800 24.8310 3391853.000
107.4700 21.6320 3390110.000
147.7200 20.1870 3395072.000
167.9200 19.3750 3391522.000
23.5740 10.3230 3396657.000
-100.8600 -0.2800 3402593.000
-91.2860 -0.7410 3400713.000
76.7600 -8.2490 3397501.000
105.8100 -9.5790 3397585.000
-174.4100 -13.0130 3396221.000
-164.1600 -13.4490 3394192.000
-153.9300 -13.8560 3395296.000
-143.8100 -14.2610 3396294.000
-114.2300 -15.4190 3402429.000
-104.6200 -15.8210 3402202.000
-95.0490 -16.2280 3401375.000
-66.2730 -17.5630 3399033.000
-56.5450 -17.9860 3396380.000
43.7720 -22.0270 3395424.000
64.1180 -22.2980 3394084.000
84.0080 -22.9940 3395147.000
103.6300 -23.7840 3395780.000
25.0710 -3.4810 3397585.000
29.5640 40.1980 3387502.000
-1.9890 -7.0700 3394402.000
-28.9410 -10.3810 3393444.000
141.2900 -28.5880 3393238.000
4.3550 -38.6580 3389594.000
-50.5840 -42.3010 3390308.000
-78.0430 -44.0250 3390372.000
114.1800 -53.4600 3386660.000
57.5570 -56.2150 3383823.000
0.0080 -58.8820 3387492.000
36.8830 64.5190 3377347.000
-145.5600 -64.2940 3382573.000
-64.1600 65.1210 3379205.000
-175.5100 -65.2050 3384040.000
-89.7390 65.2230 3377233.000
94.4830 -67.3800 3384243.000
64.1590 -67.9170 3383683.000
-84.5500 -53.7010 3386608.000
-82.3550 -50.4830 3388132.000
-70.4670 -41.4670 3392247.000
-68.5330 -40.3030 3392741.000
-64.4840 -37.9530 3392414.000
168.0800 64.3680 3376903.000
-62.3760 -36.7800 3393186.000
-60.2320 -35.5890 3393401.000
175.4000 64.3720 3376737.000
-177.2100 64.3880 3376883.000
-51.4620 -30.7540 3392215.000
-169.8000 64.4170 3377117.000
36.4210 -9.4850 3399648.000
-147.2000 62.1030 3378187.000
-148.2700 52.2650 3384485.000
2.2520 72.8590 3376073.000
11.2400 72.9170 3375252.000
20.7440 72.9530 3375169.000
40.2730 73.0330 3375032.000
51.2730 72.9950 3374318.000
74.7200 72.7260 3375284.000
87.8330 72.3890 3375230.000
100.4400 72.0210 3377054.000
113.0900 71.5800 3377460.000
-147.4300 61.9860 3378733.000
-124.8200 57.4860 3381608.000
-113.9200 54.8840 3383748.000
-103.2100 52.0260 3386249.000
-72.4880 40.2280 3393670.000
73.5150 63.2420 3378131.000
41.0440 -40.3670 3388556.000
-109.1200 63.3490 3378244.000
-142.6700 -39.9310 3390769.000
68.3120 63.4730 3377905.000
33.6220 -39.4770 3390719.000
-114.2600 63.5750 3378106.000
-149.9900 -39.1250 3391216.000
63.6540 63.5690 3377858.000
34.8390 -38.6760 3390735.000
-111.4100 63.6640 3377936.000
-140.3200 -38.2300 3390492.000
74.5720 63.7700 3378067.000
44.5330 -37.7680 3389330.000
-99.4130 63.8670 3378115.000
-130.5700 -37.3430 3392855.000
86.6380 63.9640 3377969.000
54.2660 -36.8000 3382575.000
-87.2790 64.0510 3377581.000
-120.7400 -36.4190 3392742.000
98.8750 64.1460 3377649.000
64.1400 -35.8570 3383501.000
-74.9550 64.2310 3377335.000
-110.8100 -35.4770 3394225.000
111.2700 64.3140 3377591.000
74.1210 -34.9050 3383930.000
-62.4650 64.3880 3376710.000
-100.7600 -34.5400 3397515.000
123.8500 64.4660 3377438.000
84.2140 -33.9540 3387773.000
-49.7950 64.5330 3376638.000
-90.6650 -33.5280 3395223.000
136.6000 64.5980 3377202.000
94.3710 -32.9610 3388880.000
-36.9510 64.6630 3376228.000
-80.4850 -32.5120 3395323.000
149.4700 64.7090 3376984.000
104.6000 -31.9640 3392073.000
-23.9990 64.7650 3375981.000
-70.2630 -31.4770 3395326.000
162.4500 64.8000 3377096.000
114.8100 -30.9160 3392894.000
-11.0250 64.8390 3377207.000
-60.0580 -30.3850 3393092.000
175.4700 64.8620 3376967.000
125.0500 -29.8460 3393390.000
2.0330 64.8910 3376483.000
-49.8630 -29.2860 3392526.000
-171.4900 64.9000 3376814.000
135.2300 -28.7460 3394171.000
15.0410 64.9100 3377110.000
-39.7180 -28.1670 3392215.000
-158.4700 64.9060 3376737.000
145.3400 -27.6160 3393257.000
28.0100 64.8970 3376900.000
-29.6450 -27.0360 3392683.000
-145.5200 64.8860 3377372.000
155.3800 -26.4700 3393947.000
40.9910 64.8650 3377072.000
-19.6660 -25.8880 3392034.000
-132.5800 64.8380 3377638.000
165.3100 -25.3380 3394887.000
53.8660 64.8010 3377158.000
-9.7830 -24.7310 3393562.000
-119.7500 64.7570 3377593.000
175.1100 -24.1240 3392973.000
66.5820 64.7030 3378398.000
-0.0170 -23.5360 3393815.000
-107.0100 64.6470 3377858.000
-175.1500 -22.9460 3394730.000
79.3570 64.5830 3377797.000
9.6650 -22.3300 3394855.000
-94.2840 64.5040 3377690.000
-165.5300 -21.7030 3394867.000
92.0500 64.4250 3377752.000
19.2650 -21.0790 3395326.000
-81.5970 64.3250 3377274.000
-155.9600 -20.4260 3394321.000
104.7700 64.2040 3375009.000
28.8390 -19.8190 3396294.000
-68.8210 64.1090 3377056.000
-146.3800 -19.1680 3396122.000
117.5700 63.9850 3377647.000
38.4090 -18.5160 3396866.000
-55.9550 63.8490 3377176.000
-136.8000 -17.8420 3396924.000
130.4800 63.6920 3377082.000
48.0100 -17.1670 3397142.000
-42.9690 63.5290 3376727.000
-127.1300 -16.5540 3399478.000
143.6400 63.3400 3377517.000
57.6850 -15.7930 3396764.000
-29.7350 63.1420 3376389.000
-117.3900 -15.1840 3402435.000
156.8500 62.9320 3377487.000
67.4230 -14.3390 3397097.000
-16.4390 62.7920 3376628.000
-107.6300 -13.6840 3402110.000
170.2700 62.4580 3377569.000
77.2280 -12.8110 3396840.000
-2.9570 62.1940 3376966.000
-97.7600 -12.1650 3403298.000
-176.1500 61.9080 3377238.000
87.1240 -11.2570 3398527.000
-87.8920 -10.4870 3400781.000
-162.4800 61.2850 3377727.000
97.0290 -9.5750 3397836.000
24.3720 60.9520 3378483.000
-78.0080 -8.7050 3398742.000
-148.7800 60.6020 3378699.000
106.9300 -7.7780 3397086.000
38.1420 60.2130 3378336.000
-68.0790 -6.9250 3398908.000
-134.9500 59.8090 3379218.000
116.8300 -5.9320 3396507.000
52.0120 59.3670 3378812.000
-58.2080 -5.0250 3397885.000
-121.1200 58.9250 3380030.000
126.6900 -4.0260 3397123.000
65.8940 58.4160 3378941.000
-48.4190 -3.0230 3396752.000
-107.2500 57.9230 3380144.000
136.3800 -1.8880 3393496.000
-38.7690 -0.8740 3394579.000
-93.4740 56.8250 3381475.000
146.0000 0.2490 3393715.000
93.5760 56.1590 3379243.000
-29.2400 1.3460 3394099.000
-79.6000 55.5350 3380321.000
107.3300 54.8170 3378976.000
-19.8860 3.6920 3394167.000
-65.8890 54.1270 3381299.000
164.6700 5.0080 3392491.000
121.0400 53.3010 3379316.000
-10.7650 6.2400 3393787.000
-52.1400 52.4780 3380285.000
173.6600 7.6750 3392070.000
134.7100 51.5790 3380222.000
-1.8980 9.0170 3393607.000
-38.3680 50.5680 3379978.000
-177.6300 10.6230 3391753.000
148.4600 49.5480 3381293.000
6.6610 12.1110 3393924.000
-24.5240 48.3210 3380762.000
-169.2900 13.9820 3391701.000
162.3900 47.0740 3382743.000
14.7520 15.7820 3393332.000
-10.3630 45.5030 3382083.000
-161.6000 18.1750 3390165.000
176.9300 43.7740 3383303.000
22.0550 20.4730 3392800.000
4.5410 41.6050 3383985.000
-155.3300 24.2180 3388834.000
-167.1400 38.5710 3384914.000
24.4740 31.3330 3389526.000
36.4410 33.4790 3390182.000
47.2030 43.6010 3386630.000
37.6860 -4.2740 3400378.000
66.5750 56.3450 3379258.000
54.2090 -16.4900 3397618.000
75.6940 61.5170 3379689.000
63.0610 -21.1780 3393753.000
84.3530 66.1360 3377976.000
72.1880 -25.3770 3390747.000
99.4110 74.3550 3375276.000
91.0840 -32.7570 3389122.000
104.5800 78.0730 3375210.000
100.7800 -36.0990 3390431.000
120.5100 -42.0730 3388726.000
69.8740 85.8870 3374939.000
38.0080 84.9400 3374272.000
140.4900 -47.4020 3388558.000
26.6240 82.5080 3377118.000
150.5500 -49.8660 3388291.000
30.1310 76.7390 3380333.000
170.7400 -54.4260 3386773.000
42.7070 70.8960 3378087.000
-168.8100 -58.5950 3386170.000
50.0300 68.0020 3375625.000
-158.4100 -60.5480 3385608.000
57.7330 65.1390 3376145.000
-147.8200 -62.4350 3382414.000
65.7140 62.3010 3378620.000
-136.9800 -64.2590 3384338.000
73.9090 59.4820 3379237.000
-125.8400 -66.0180 3384393.000
90.8380 53.8880 3379522.000
99.5200 51.0850 3380802.000
-90.0000 -70.9390 3382216.000
108.3100 48.2760 3382167.000
-77.0500 -72.4400 3380926.000
117.1800 45.4560 3383214.000
-63.4960 -73.8470 3380482.000
126.1000 42.6250 3383115.000
-49.2770 -75.1610 3380928.000
135.0300 39.7880 3384660.000
-34.2930 -76.3530 3380704.000
143.9500 36.9380 3386330.000
-18.4790 -77.4130 3380824.000
161.6200 31.2120 3389748.000
15.7210 -78.9970 3381436.000
170.3100 28.2950 3388263.000
34.0910 -79.4800 3379783.000
178.9200 25.3840 3389638.000
52.8930 -79.7150 3379985.000
-172.5800 22.4990 3389547.000
71.8370 -79.6810 3380337.000
-164.1800 19.5580 3389801.000
90.4050 -79.3880 3379576.000
-155.8500 16.6300 3392517.000
108.2500 -78.8590 3380353.000
141.2800 -77.2070 3381808.000
-131.1700 7.6080 3397073.000
156.8200 -76.1050 3382387.000
-122.9100 4.6140 3402905.000
171.8100 -74.8160 3379759.000
-114.6000 1.6120 3410201.000
-173.9600 -73.4420 3383192.000
-106.4000 -1.8180 3403273.000
-160.0300 -71.8690 3380252.000
-98.0980 -5.1460 3404721.000
-146.4200 -70.1720 3380986.000
-81.6310 -12.4780 3399986.000
-119.8600 -66.2750 3382449.000
-65.5870 -20.7300 3399293.000
-58.0960 -25.7270 3397571.000
-79.8670 -57.9260 3383935.000
-51.6160 -32.2600 3392005.000
-47.9680 22.2710 3389320.000
134.2600 47.6700 3381860.000
