0	0
1	1
2	1.41421356237
3	1.73205080757
4	2
5	2.2360679775
6	2.44948974278
7	2.64575131106
8	2.82842712475
9	3
10	3.16227766017
11	3.31662479036
12	3.46410161514
13	3.60555127546
14	3.74165738677
15	3.87298334621
16	4
17	4.12310562562
18	4.24264068712
19	4.35889894354
20	4.472135955
21	4.58257569496
22	4.69041575982
23	4.79583152331
24	4.89897948557
25	5
26	5.09901951359
27	5.19615242271
28	5.29150262213
29	5.38516480713
30	5.47722557505
31	5.56776436283
32	5.65685424949
33	5.74456264654
34	5.83095189485
35	5.9160797831
36	6
37	6.0827625303
38	6.16441400297
39	6.2449979984
40	6.32455532034
41	6.40312423743
42	6.48074069841
43	6.5574385243
44	6.63324958071
45	6.7082039325
46	6.78232998313
47	6.8556546004
48	6.92820323028
49	7
50	7.07106781187
51	7.14142842854
52	7.21110255093
53	7.28010988928
54	7.34846922835
55	7.4161984871
56	7.48331477355
57	7.54983443527
58	7.61577310586
59	7.68114574787
60	7.74596669241
61	7.81024967591
62	7.87400787401
63	7.93725393319
64	8
65	8.0622577483
66	8.12403840464
67	8.18535277187
68	8.24621125124
69	8.30662386292
70	8.36660026534
71	8.42614977318
72	8.48528137424
73	8.54400374532
74	8.60232526704
75	8.66025403784
76	8.71779788708
77	8.77496438739
78	8.83176086633
79	8.88819441732
80	8.94427191
81	9
82	9.05538513814
83	9.11043357914
84	9.16515138991
85	9.21954445729
86	9.2736184955
87	9.32737905309
88	9.38083151965
89	9.43398113206
90	9.48683298051
91	9.53939201417
92	9.59166304663
93	9.64365076099
94	9.69535971483
95	9.74679434481
96	9.79795897113
97	9.8488578018
98	9.89949493661
99	9.94987437107
100	10
